200
7 48 25 23 37 43 2 48 9 21 18 32 21 4 14 40 34 29 44 29 33 14 44 35 44 20 26 7 26 18 2 16 4 32 3 20 21 50 43 23 34 34 45 44 34 19 38 8 38 50 30 13 26 45 25 34 49 1 13 36 21 11 36 32 29 1 9 11 2 19 32 8 4 7 10 6 44 5 38 37 50 28 12 14 36 45 33 7 10 6 17 16 30 44 33 27 21 39 3 40 36 3 41 16 28 1 32 13 18 21 18 17 47 1 41 32 43 36 19 40 4 36 31 16 30 5 21 3 21 4 33 23 14 49 35 43 35 12 44 20 47 47 9 8 43 5 11 48 45 4 31 41 2 24 45 3 22 32 5 16 34 32 40 11 23 23 11 41 37 3 15 23 13 29 38 20 4 28 27 11 16 32 5 47 48 50 16 44 5 26 25 10 47 6 16 37 21 50 28 23
149 99 26 98 142 46 30
127 22 172 91 130 101 2 171 71 24 11 192 4 176 7 92 74 200 102 170 60 61 59 103 30 78 169 118 183 86 167 12 100 49 51 161 43 97 154 63 119 197 81 31 27 99 144 139
103 119 178 49 116 21 48 27 106 115 34 38 32 156 90 172 141 2 17 18 60 193 125 76 121
24 23 117 145 98 4 184 196 111 17 74 127 166 128 123 142 161 40 112 105 89 65 149
111 178 149 97 28 148 110 114 99 68 55 14 183 13 2 179 120 15 109 26 113 115 72 147 50 56 16 8 146 143 196 159 67 189 124 11 200
149 192 68 3 32 17 12 51 13 183 26 131 187 10 119 84 108 156 173 160 122 77 169 182 7 71 43 92 133 60 159 134 118 27 5 31 80 95 90 87 132 57 172
142 198
110 40 72 12 120 127 60 130 55 136 48 123 134 149 81 13 95 135 34 14 166 182 146 58 133 43 90 148 121 79 25 37 23 132 19 7 89 98 62 29 21 27 143 66 111 106 142 153
185 121 18 12 9 75 84 174 101
43 105 159 1 68 9 198 17 61 36 179 135 174 85 16 157 94 87 18 124 182
190 163 14 111 119 46 166 77 17 82 30 194 154 62 139 61 143 71
58 195 131 187 170 98 49 80 69 40 38 184 46 34 70 91 60 191 31 10 12 56 198 151 99 200 105 53 52 65 13 33
99 194 166 186 106 136 73 116 172 5 177 24 152 117 85 81 54 98 196 141 53
176 167 47 74
72 99 82 4 75 199 121 122 5 67 63 160 150 189
41 76 35 47 36 108 162 46 56 184 178 61 117 193 21 98 161 33 196 55 68 175 48 89 88 106 164 122 138 121 147 86 144 69 78 143 30 71 170 44
145 132 13 25 164 107 182 171 39 195 17 101 63 88 72 198 158 165 149 78 100 47 86 16 40 139 73 31 131 115 114 82 76 180
200 6 23 87 49 176 52 190 194 107 20 158 169 9 26 58 29 103 92 159 156 105 57 124 135 22 110 69 73
182 97 179 61 120 102 190 107 191 158 100 192 104 89 183 65 15 162 14 56 149 60 138 5 7 39 127 2 93 118 1 126 6 80 165 75 9 10 4 45 197 36 199 176
91 9 87 117 20 110 178 154 196 63 17 46 171 37 36 190 57 72 168 127 11 144 134 118 109 141 47 76 102
140 99 167 156 32 176 184 37 70 55 110 72 107 171 182 82 73 57 29 53 195 152 96 109 41 80 197 54 103 38 51 180 90
61 6 122 21 131 107 78 197 14 143 189 70 32 29
9 123 31 117 53 12 60 114 63 71 177 61 86 170 132 151 113 14 180 47 44 51 184 163 159 15 109 198 149 56 100 55 130 141 17 147 27 102 191 87 2 179 78 35
3 19 116 193 191 169 171 86 64 163 44 145 75 53 61 57 36 148 40 80 199 55 144 188 30 135 200 66 33 100 91 27 101 74 22
85 22 95 106 169 87 177 67 128 2 192 21 51 30 165 160 179 81 29 63 161 14 184 19 58 6 43 82 156 159 176 131 170 174 198 96 97 193 146 100 98 190 9 59
29 26 91 180 98 156 165 65 54 17 74 159 45 129 111 152 20 116 123 109
29 17 56 63 103 109 186 31 44 64 100 135 40 1 167 112 84 118 65 154 132 24 192 113 8 36
141 18 164 116 34 179 161
12 37 122 72 63 19 9 153 180 138 31 62 25 184 165 52 99 193 167 135 38 195 187 128 14 176
24 99 178 4 100 89 197 35 119 15 92 72 189 39 14 200 53 166
31 25
137 33 158 15 7 154 144 95 80 115 182 110 82 166 140 35
30 54 75 25
192 184 2 100 86 182 57 78 16 67 188 79 115 177 186 151 62 189 125 111 129 32 9 31 148 126 109 63 85 166 1 91
3 106 40
11 4 95 184 23 195 45 183 80 128 35 30 124 198 175 34 139 163 15 71
184 43 129 4 42 78 154 76 166 24 12 110 40 118 112 33 51 152 52 122 164
78 191 183 45 110 126 97 70 104 67 96 187 170 101 98 134 200 147 174 163 172 119 157 36 100 68 18 47 112 131 26 160 198 11 86 76 44 141 120 84 85 180 72 185 171 133 31 179 38 91
164 166 120 26 115 70 63 121 195 86 176 169 97 139 21 33 105 114 116 172 81 153 61 134 75 187 190 156 36 37 144 30 17 19 91 198 52 158 67 155 180 162 44
93 59 4 190 45 38 197 5 174 132 48 72 52 106 25 163 160 139 156 114 168 96 50
38 196 191 65 61 83 4 98 42 119 182 107 43 55 155 186 184 189 154 11 77 129 41 152 7 130 180 74 76 143 126 18 112 160
37 5 200 84 30 182 36 66 116 90 15 138 59 194 197 63 173 105 49 33 78 113 112 142 91 180 67 188 77 120 2 81 130 47
38 40 109 127 108 67 122 107 9 43 171 186 183 139 54 14 181 168 172 180 85 86 187 93 163 104 89 37 73 39 146 118 15 65 61 44 48 131 140 74 72 153 128 28 130
137 188 167 60 57 5 189 153 87 176 78 107 10 71 43 168 120 34 139 200 133 169 72 138 38 140 90 122 191 19 131 31 141 182 199 112 110 4 36 99 96 25 101 177
118 152 100 22 176 33 47 64 134 69 85 186 192 131 177 61 178 88 109 27 128 28 132 101 196 151 29 46 57 10 17 159 36 147
14 18 25 189 188 17 80 88 40 23 146 55 8 151 150 79 141 49 10
121 198 93 50 11 64 196 89 71 79 157 78 68 27 101 54 193 43 174 65 58 53 185 127 51 132 87 192 179 1 14 118 33 144 57 119 123 183
170 102 197 186 10 156 39 172
46 125 189 36 131 179 18 117 112 103 126 47 8 79 152 138 194 44 150 167 154 96 53 162 64 77 110 188 39 115 66 149 7 29 48 23 155 151
25 52 7 196 121 62 41 72 42 155 128 180 176 70 29 95 26 139 63 45 85 190 80 10 104 172 16 65 79 67 106 75 136 86 2 71 189 92 35 53 76 46 133 146 60 168 161 184 98 166
192 63 81 154 37 109 123 171 16 93 64 164 179 149 160 8 137 89 72 114 23 46 94 7 162 108 91 193 71 140
131 49 4 1 58 38 63 91 60 54 74 28 64
15 196 164 84 34 55 100 56 28 130 72 169 140 191 163 41 199 103 180 170 119 127 37 183 197 47
69 96 132 70 165 145 89 117 172 6 5 187 85 184 112 116 183 186 167 105 196 140 75 126 52 147 195 198 19 93 3 197 71 102 123 7 125 194 45 41 36 44 65 175 137
71 168 39 153 160 19 177 141 52 86 94 85 115 134 70 93 99 122 200 34 77 105 54 125 140
173 164 5 200 151 2 36 60 75 190 109 58 116 144 18 95 57 102 87 53 193 88 94 135 189 45 35 29 30 198 100 38 150 158
6 150 28 79 26 25 86 177 116 163 182 77 1 75 24 119 78 70 152 156 146 57 19 60 139 148 95 121 98 175 107 198 169 186 97 73 199 136 101 30 137 118 164 32 76 188 87 144 185
70
151 132 192 184 178 111 115 29 79 135 66 75 48
40 86 139 92 177 160 128 183 140 172 121 89 43 57 143 73 187 10 47 55 62 145 34 31 134 124 75 32 103 104 129 28 148 141 149 138
195 61 106 63 76 194 82 111 30 168 27 182 19 126 150 158 80 167 56 120 67
148 196 193 189 139 124 154 96 123 167 82
168 177 67 97 138 137 100 15 151 119 16 99 81 94 160 64 182 187 163 25 165 186 123 4 48 79 144 74 121 149 69 109 136 62 116 110
127 25 189 90 86 124 181 95 89 171 187 172 130 61 143 190 56 41 78 120 1 192 36 149 2 80 59 9 170 65 43 21
41 184 59 122 166 46 52 5 73 126 93 39 29 175 116 96 128 34 129 183 139 79 177 141 148 18 137 195 118
147
86 159 145 63 187 93 128 158 80
105 171 106 72 75 10 162 156 11 180 34
39 143
129 35 134 174 1 77 33 98 37 102 45 143 106 15 30 54 25 188 166
156 160 187 136 64 176 129 88 56 164 71 149 141 167 81 114 19 73 175 158 126 95 182 23 112 135 24 104 16 133 36 132
98 54 101 170 179 57 7 194
164 126 88 59
169 133 167 122 180 106 190
165 103 105 149 112 193 25 151 58 22
20 163 124 70 12 69
62 127 45 172 69 186 134 82 105 72 199 169 73 3 65 125 131 119 197 143 1 56 158 194 71 15 74 89 188 29 138 68 174 26 58 6 103 156 132 28 99 19 63 102
200 138 150 90 13
177 160 193 70 142 154 49 72 12 150 11 71 137 185 167 131 111 14 7 112 8 122 113 140 127 37 29 169 19 159 23 136 165 186 26 133 146 69
158 188 139 87 28 26 148 44 53 59 166 157 81 187 37 128 182 121 86 31 54 69 6 21 56 161 192 98 13 123 162 99 138 141 30 68 111
35 37 144 198 135 85 95 180 55 8 82 147 129 91 84 40 115 48 53 70 63 18 99 199 197 76 162 177 178 31 36 167 122 45 19 25 34 102 27 77 185 96 181 92 194 163 74 168 173 113
195 73 22 3 136 110 82 71 39 159 69 133 40 11 180 154 18 57 130 166 191 33 53 30 135 9 25 32
70 33 145 82 146 106 170 135 177 65 168 27
173 3 33 159 178 11 99 41 26 86 95 85 104 9
61 21 46 62 90 118 163 55 9 34 169 72 30 51 151 74 193 191 182 33 73 8 47 15 133 11 50 26 60 16 1 103 57 157 109 167
191 148 88 62 179 12 48 25 108 103 119 65 89 172 143 114 177 55 7 94 123 70 152 153 39 150 154 120 46 125 174 180 178 97 41 197 18 128 3 121 34 169 141 28 99
34 28 78 25 96 193 182 43 130 107 174 70 170 154 66 60 126 13 139 135 162 64 138 134 44 110 20 89 50 11 192 72 33
153 29 195 118 139 135 82
124 96 140 184 194 42 189 46 172 70
59 160 58 84 119 114
21 145 13 56 170 81 175 33 37 39 4 193 168 63 104 180 84
35 120 15 115 134 78 44 34 121 138 19 124 131 12 122 31
46 44 159 13 22 187 130 25 154 118 48 52 74 128 16 92 173 190 28 83 192 145 79 129 127 95 112 157 171 4
184 72 49 9 70 54 96 11 82 134 110 198 119 122 113 76 155 75 21 128 1 68 102 191 61 124 81 190 121 114 187 129 200 162 192 109 148 137 32 29 87 40 167 163
178 133 2 116 192 111 191 16 135 5 200 147 76 110 28 38 30 128 63 86 187 19 55 127 21 75 129 22 91 103 1 40 169
139 68 95 13 161 2 188 183 185 157 38 19 66 130 24 109 82 193 187 97 127 141 153 132 111 79 47
22 124 87 120 7 78 168 162 96 190 68 105 150 195 127 71 101 91 29 99 92
81 131 118 88 91 9 11 164 3 13 179 168 167 4 82 77 158 26 127 157 128 87 16 47 21 60 6 116 34 174 49 126 61 122 14 66 195 144 199
88 124 110
157 97 18 174 40 6 175 62 42 31 194 28 75 177 142 165 102 54 126 196 162 25 43 57 114 3 38 83 122 118 193 179 200 53 186 149 109 61 167 71
146 198 78 42 158 175 37 95 16 113 51 18 178 171 104 159 114 197 24 106 21 122 186 74 128 124 58 59 92 183 56 82 141 132 2 27
125 10 117
179 111 164 78 68 55 57 182 187 100 25 19 192 89 56 18 193 161 155 184 83 180 101 133 114 14 46 197 4 150 195 190 7 93 136 194 73 189 131 168 59
68 103 11 13 21 12 187 147 99 93 138 106 131 56 168 180
117 32 56 31 170 84 192 18 145 22 200 99 41 17 155 77 12 156 90 8 158 143 42 76 36 148 133 195
54
188 18 73 5 38 65 197 125 100 74 90 93 127 141 106 86 104 134 102 52 81 142 31 3 111 170 133 7 39 184 177 10
12 59 136 178 26 6 95 64 16 160 141 188 126
111 168 79 28 142 183 56 165 38 169 163 112 64 19 6 105 46 31
56 11 97 183 20 117 80 75 69 91 105 102 162 132 44 46 40 50 87 70 77
137 136 32 101 124 170 195 139 77 185 69 110 44 62 123 165 81 193
32 167 27 111 62 183 127 45 9 31 147 96 42 109 92 54 80
141 59 39 138 95 179 54 166 41 52 53 126 172 10 171 135 129 35 106 74 189 89 65 57 12 120 70 154 46 134 182 133 116 82 139 87 22 143 16 198 60 123 97 119 121 152 24
133
50 129 35 70 6 109 3 53 43 31 108 164 172 179 9 66 125 88 117 5 181 137 127 159 36 13 67 25 21 113 168 14 79 47 64 84 99 30 107 33 10
164 112 11 111 43 37 181 149 134 57 102 116 198 108 133 7 90 20 79 26 141 41 129 94 104 166 188 85 23 34 56 159
180 177 115 125 199 113 71 81 122 167 19 60 178 127 92 94 139 161 130 126 136 41 67 31 196 184 49 109 86 97 64 152 43 72 61 88 7 2 181 192 20 162 17
135 90 188 110 184 124 139 179 30 174 122 17 129 191 60 74 3 66 199 9 168 11 147 176 73 36 193 126 77 180 8 166 172 173 138 83
11 65 160 129 163 154 72 28 64 91 164 168 165 110 112 14 196 52 10
148 54 167 31 175 75 52 84 164 18 83 70 134 66 76 185 11 131 109 143 27 49 61 154 67 116 36 146 53 147 162 153 159 93 34 144 80 16 5 136
198 69 61 38
162 170 142 29 143 67 163 66 91 199 147 187 178 148 173 116 153 110 106 87 89 32 18 73 44 146 3 177 56 93 105 108 83 98 194 102
193 13 100 149 96 56 37 183 199 151 85 192 43 174 187 128 39 133 115 66 97 173 69 98 89 141 180 159 127 90 23
143 190 96 127 148 176 159 183 58 166 118 92 153 158 168 99
70 63 149 40 100 84 49 103 67 160 17 91 66 73 98 186 124 93 1 138 90 37 109 50 172 127 24 42 175 41
54 146 93 36 41
144 168 72 46 177 167 163 66 173 75 140 170 73 160 165 195 20 6 32 78 58
19 6 107
71 84 141 76 122 101 83 16 128 179 57 59 159 106 79 4 127 81 44 73 117
105 129 158 141
153 140 83 175 97 148 114 197 157 76 144 64 11 134 49 92 169 43 85 89 111 12 87 192 59 7 173 99 93 163 180 50 150
143 103 32 12 109 77 13 126 182 70 21 14 46 145 186 124 1 38 190 47 78 86 16
31 52 126 86 156 146 141 40 186 15 55 56 139 76
136 99 177 97 24 52 112 156 109 190 148 189 95 152 92 14 51 4 154 43 50 140 86 172 55 196 54 157 134 77 122 167 130 194 56 85 173 198 200 72 48 153 40 2 87 57 117 38 93
12 2 96 73 84 8 11 50 162 161 45 193 41 126 127 151 38 154 37 197 101 186 59 57 44 91 190 189 47 177 134 180 15 100 56
159 142 150 98 189 55 120 194 89 125 95 90 118 77 69 81 113 49 174 44 119 131 109 178 91 191 180 200 71 29 23 195 127 126 28 80 4 7 75 160 76 13 2
126 150 194 145 68 165 107 158 34 180 161 148 125 7 35 170 89 67 69 17 52 106 57 15 188 128 11 8 41 179 143 173 51 83 32
141 152 13 174 72 61 116 65 127 84 104 146
102 170 164 176 141 18 33 7 161 107 116 167 91 129 81 35 106 86 146 160 190 103 184 185 148 133 127 108 27 120 23 8 79 14 144 96 124 178 25 177 24 3 115 77
8 138 182 185 157 165 30 139 136 171 38 194 46 169 134 114 66 62 31 193
47 38 81 39 44 124 84 7 129 19 117 60 177 171 37 80 68 50 64 199 176 32 57 144 67 165 26 42 41 71 104 147 195 200 85 181 136 145 178 10 91 191 173 164 29 24 54
96 196 50 144 142 4 9 45 172 145 133 185 90 78 82 137 105 157 37 123 99 139 74 32 48 94 153 29 63 179 190 104 75 46 35 112 17 130 66 44 176 26 131 118 183 68 121
90 106 136 3 38 189 70 31 54
53 96 104 181 135 46 8 83
137 94 72 52 186 73 174 98 99 102 40 170 200 29 166 91 142 41 128 147 51 60 172 11 143 50 25 193 68 159 20 194 165 144 90 116 175 185 108 196 23 109 103
87 120 125 17 144
20 131 19 53 36 50 134 93 104 174 59
110 95 36 13 149 196 182 115 11 142 64 91 160 27 2 120 83 148 146 96 130 112 192 62 121 107 153 166 14 81 56 105 187 165 40 59 90 111 150 163 93 191 138 17 85 44 94 109
124 127 54 60 23 175 73 149 141 35 145 143 194 96 8 61 180 85 147 39 74 48 26 126 172 46 129 5 120 52 67 45 49 91 122 121 170 164 53 66 16 123 139 108 55
46 137 129 36
181 66 131 50 6 39 95 192 36 51 172 98 151 179 147 91 119 65 183 93 156 76 159 182 113 105 12 193 123 83 71
192 68 29 139 140 8 70 40 77 84 65 175 148 22 72 50 138 79 155 19 193 135 99 57 48 183 49 64 100 42 176 161 76 12 28 93 145 149 20 88 43
126 76
145 93 162 123 22 41 108 44 13 96 135 115 179 136 53 101 107 16 104 170 146 29 23 1
87 93 145 113 178 139 41 199 13 67 35 88 81 132 181 16 142 33 58 193 155 100 69 184 30 17 5 110 90 44 153 195 60 162 27 38 72 156 29 43 74 183 28 165 73
29 81 148
145 108 37 155 82 198 34 35 144 36 79 170 55 64 72 141 126 200 154 140 92 135
137 113 144 14 120 166 6 121 93 126 104 168 46 42 165 109 133 80 90 123 45 114 28 2 138 32 25 85 196 198 167 35
188 106 21 20 91
8 172 158 40 47 185 59 1 127 78 130 19 101 112 191 193
6 15 70 88 110 5 178 94 118 195 185 171 50 142 163 192 46 183 102 122 131 156 193 101 49 146 158 27 139 138 82 190 47 114
4 101 124 1 170 45 145 195 176 136 18 113 77 51 85 191 93 92 89 30 118 74 190 140 151 182 75 61 112 13 25 36
97 133 31 21 33 56 183 180 29 179 41 101 111 113 90 134 71 65 162 105 66 49 182 171 131 164 165 36 2 138 176 163 197 167 17 40 102 27 24 168
1 89 43 47 115 133 187 20 189 76 83
44 115 34 124 131 104 138 197 144 2 186 69 199 11 135 22 193 55 89 148 101 14 114
44 139 107 98 193 62 34 104 61 147 52 93 13 12 101 95 10 128 59 16 109 173 49
110 85 193 125 26 45 60 133 197 188 80
43 53 79 22 120 98 150 88 125 95 161 5 13 27 76 139 146 48 25 7 114 49 67 54 59 94 32 44 199 86 14 131 1 200 155 65 41 52 103 147 153
152 162 142 24 120 99 193 145 45 75 132 21 115 110 165 200 74 166 87 80 37 175 189 194 198 106 30 34 104 13 39 60 47 171 114 140 168
51 104 117
167 23 168 110 127 200 159 62 39 78 160 2 189 190 164
86 181 73 87 171 150 8 13 147 74 169 40 55 88 136 68 174 67 178 15 29 123 47
108 101 34 98 193 175 58 158 3 135 45 195 132
32 143 128 175 140 3 160 144 61 6 76 148 35 181 77 177 109 69 5 107 21 172 1 55 53 44 194 111 63
136 78 149 177 172 59 144 107 127 106 186 191 120 110 58 188 93 57 41 61 105 51 63 167 19 29 128 33 161 60 79 38 197 116 122 81 28 117
41 190 78 169 109 129 38 19 136 34 91 142 77 183 127 28 111 49 125 12
162 27 128 23
134 93 101 108 166 9 18 21 50 171 46 86 45 136 128 154 47 65 145 151 175 19 170 113 126 178 96 90
27 3 147 133 99 134 39 149 192 152 153 29 144 120 168 139 162 100 91 137 31 117 96 130 178 46 197
126 67 7 12 3 47 92 89 118 135 68
152 181 88 100 73 71 54 177 6 91 10 50 134 151 105 25
145 172 72 166 37 20 6 70 190 48 42 126 129 83 80 73 21 130 187 75 27 182 39 3 31 158 56 148 198 173 101 192
13 58 80 118 197
89 38 2 162 194 176 66 189 131 149 11 177 28 86 24 115 54 39 74 17 192 154 105 101 168 190 112 147 173 65 179 108 6 133 36 22 142 111 23 73 68 79 172 183 178 198 72
175 167 189 186 159 178 78 105 180 162 37 116 117 11 141 114 71 17 121 181 87 45 1 91 125 27 143 128 69 188 136 60 122 80 2 126 23 24 168 142 120 49 108 110 196 94 5 100
137 113 191 155 12 157 45 171 172 34 148 31 77 16 84 152 83 78 8 93 64 183 121 56 94 169 13 49 134 19 162 130 139 65 200 187 192 62 33 53 96 66 14 147 189 154 112 163 41 177
168 117 103 75 109 123 98 171 170 35 113 110 120 186 5 40
105 11 48 23 121 76 184 96 177 129 78 199 150 188 180 186 170 66 112 103 24 79 63 80 88 97 101 16 75 50 115 179 72 33 151 166 130 6 12 104 116 122 53 98
139 92 154 103 14
40 135 31 154 152 59 153 198 132 159 128 151 165 79 133 184 10 199 107 102 80 75 124 127 51 178
42 85 20 69 24 149 102 137 138 194 174 41 163 33 133 28 19 14 79 126 26 112 164 82 167
178 96 90 70 130 102 86 175 141 69
146 82 71 12 66 178 85 86 6 3 31 28 74 125 184 104 101 172 117 154 121 68 183 21 65 51 193 129 96 160 115 189 162 92 19 89 190 153 48 163 132 151 5 126 198 150 134
157 23 72 150 36 61
104 108 75 131 141 106 13 51 45 170 58 92 167 23 146 30
97 110 19 85 8 67 96 74 61 12 136 147 11 115 137 63 119 52 109 186 133 28 150 90 122 170 101 35 36 180 66 25 48 84 144 174 91
97 199 4 73 66 70 150 122 129 78 37 159 115 179 24 163 149 158 147 190 2
18 56 112 44 178 143 190 9 5 124 82 90 79 22 122 15 101 140 198 187 191 192 60 26 168 46 162 105 170 3 127 129 21 193 196 126 147 116 111 155 165 88 93 20 37 17 160 39 121 157
140 142 119 18 178 92 195 60 200 155 182 157 89 183 135 13 146 23 22 144 170 179 128 100 74 85 154 141
139 119 77 22 152 105 7 66 89 41 43 6 23 125 143 167 182 50 113 112 100 93 144
33 -96 -68 95 -51 61 -59 9 21 -12 -35 -31 -75 -12 13 59 88 -18 -83 -68 -13 36 6 20 43 62 64 -85 25 -1 95 40 -21 69 -72 -30 85 30 -8 -98 -98 -64 -39 30 -50 -34 -3 57 -44 -96 80 -62 86 -88 44 70 -44 76 59 -80 -77 33 88 -40 57 74 7 -55 -38 68 -31 3 -22 -85 -86 95 -61 57 3 40 28 15 95 32 50 -94 -21 79 92 -39 -60 -17 75 65 -49 -33 -51 71 58 24 84 27 -72 -98 61 25 -11 -41 -80 60 -43 90 -10 18 94 37 -64 -74 -13 17 80 -88 -92 -36 -90 16 -26 -88 26 74 58 -79 72 -84 -64 -88 -98 -100 -66 18 -16 1 22 79 31 51 67 -94 -88 42 -40 77 -1 81 -89 -55 -97 44 -72 -86 -51 -25 63 82 -92 -51 17 45 10 12 -45 98 -2 21 35 31 -40 38 12 -52 -75 -54 92 -14 -17 -12 16 -39 -35 92 79 -67 66 47 -98 -72 13 70 -36 -14
58 -82 66 68 9 -34 -69 2 14 27 5 -77 -5 98 -55 25 63 -9 41 63 -88 82 88 -74 49 94 -78 65 19 -51 27 67 47 -15 -81 -15 -89 -73 2 9 -57 12 75 92 50 -50 -68 56 -19 67 39 -83 -52 17 -38 74 47 -81 43 -100 -2 -40 65 100 68 38 58 -75 -96 73 36 -49 -26 83 -67 32 -78 32 -22 69 17 17 83 74 49 -6 -79 -36 11 -33 -27 -51 -62 6 -68 80 71 89 -86 94 -5 -71 49 -95 -46 -72 20 8 96 52 7 41 -16 81 -100 -60 -33 77 18 -51 -13 94 40 -29 -97 67 -72 78 -82 67 -8 25 -99 77 54 -76 -59 -99 85 -43 -60 -70 -57 72 28 52 -44 7 73 -51 13 -31 -38 43 -49 95 -88 75 -92 16 18 -76 9 -20 -1 32 84 74 75 47 13 60 79 10 -54 61 -50 -58 68 96 35 -44 30 64 24 -73 77 92 65 -28 -93 -59 -37 62 28 -51 -3 50 -84
-51 14 -10 -81 35 0 -4 58 -16 92 -18 -94 -67 -26 -96 -83 48 -89 -42 -89 66 -78 84 24 -96 66 -67 94 -11 -71 60 26 -83 48 -34 77 63 -16 29 2 -43 72 54 71 -59 -20 -8 6 58 75 -4 76 60 -42 73 -11 -64 -77 -100 -45 82 48 83 -8 -45 -74 -10 97 -83 85 -87 8 -53 94 28 48 -31 40 9 92 35 -73 4 -34 -27 66 74 -90 67 13 87 75 33 -70 20 28 -23 -55 -84 46 82 10 -38 -62 -85 95 10 -41 -61 93 -27 -30 70 14 -68 -49 -40 -36 39 7 -80 -55 71 16 58 24 22 50 -72 29 -38 85 -64 5 -11 98 -99 -69 -2 -10 5 -83 -1 -80 -68 -8 97 4 23 -95 -14 36 -16 33 -17 77 -69 -5 -75 -97 -8 38 -45 34 -3 -66 47 -42 78 -79 22 -54 -30 -95 -46 -12 61 62 46 19 24 -95 -42 -81 -14 -39 -32 77 75 -26 27 -5 50 -42 42 -45 95 -60
-50 65 -37 -75 94 -81 -82 75 12 85 95 -6 -12 2 96 -93 42 -82 1 -42 -71 97 -24 17 -26 -71 -91 -53 88 -14 19 61 -93 59 34 33 68 85 -92 -52 -24 -95 -45 90 25 -7 -77 59 88 81 51 41 -98 92 35 97 -72 44 100 72 88 -38 -20 84 -3 -66 -96 24 73 33 86 -21 -41 -47 3 19 -19 -61 2 -4 57 16 88 -10 72 22 15 64 -43 46 -100 69 52 48 69 -43 57 46 -10 3 -53 25 -32 -21 -96 14 -70 79 97 -22 -92 10 90 -46 79 -79 5 -10 31 12 -75 -28 -37 -79 20 -1 -43 -96 0 -43 -15 93 -58 90 56 45 -74 65 -38 24 -49 74 -9 14 81 16 38 76 -10 16 -91 -94 3 41 -71 -73 42 44 -6 98 92 87 55 -52 92 75 -80 37 73 56 -59 -31 13 15 -98 -43 10 36 -1 -51 -10 -25 15 3 -67 12 -39 -67 -75 55 73 -79 -32 8 -79 50 -8
28 79 7 -27 15 19 13 -37 91 74 27 36 -39 21 -34 -39 89 11 57 -93 42 97 -52 33 52 -74 -92 80 -62 -27 -12 72 8 18 74 -48 -59 -13 -27 29 -100 -28 63 74 -29 68 -33 67 30 -54 -86 86 46 94 -95 -55 11 -42 4 89 -60 -86 29 -96 -71 27 16 48 -57 43 73 9 -89 48 -76 -63 -92 -8 81 -36 -2 -51 -36 -95 72 -42 -60 -97 -88 14 -81 -67 -61 -85 2 -91 -64 -32 98 -100 96 -73 -81 48 -70 16 24 21 36 80 66 -58 -57 -70 84 -49 -22 -64 36 -82 21 57 58 -73 -91 4 97 60 83 -59 -80 -52 -49 54 16 -7 2 -92 -41 2 27 -72 -65 6 68 85 96 75 50 79 -59 44 -66 10 58 -39 -6 -6 38 -7 22 34 34 -48 75 78 -66 38 -49 -75 100 -20 -86 -98 -2 88 56 33 -20 -71 23 -58 71 -9 -57 64 25 16 7 -45 -13 -70 -96 -48 -16 81
14 -19 51 27 -72 20 -48 -40 69 66 -56 26 7 -15 55 64 66 56 -26 33 0 6 58 -27 -89 45 34 19 53 -53 -55 66 -66 -47 14 61 73 5 77 3 76 -72 -3 49 15 -44 14 74 75 69 98 -4 -27 -54 60 92 -39 61 -72 -48 26 -89 38 -21 -6 -99 -44 -64 76 -60 -91 54 -69 -34 -34 -26 84 93 -33 -46 79 -87 -31 -60 -24 50 -55 18 56 65 76 99 45 82 75 98 -74 -57 -73 -89 50 12 54 97 53 24 -60 97 -77 21 -16 -59 36 -1 -38 -7 45 -100 23 -37 54 20 -23 65 35 3 -33 -7 22 57 3 -3 62 -31 37 -29 -95 26 63 78 -37 20 -4 -5 48 -89 -66 37 57 -61 68 11 -99 -6 -92 -68 72 3 -10 -8 -82 -15 72 -86 -70 -94 52 66 -5 -75 -100 88 -66 83 14 96 -18 48 26 39 -47 -75 -48 90 -52 57 88 17 11 36 77 42 56 -63 89
-52 -70 -18 -29 53 -93 -71 -50 -29 92 1 -73 -66 -62 -92 41 -48 -18 -16 -6 -60 64 -24 27 -99 -3 -28 22 32 33 -67 -9 14 85 35 3 -75 6 61 -44 97 59 -86 -99 -8 -34 -14 -10 29 -23 99 58 -14 55 14 -65 59 -60 -34 -83 21 50 27 89 -72 -21 79 94 -55 70 -65 -56 -84 47 86 -48 -62 39 5 73 -78 10 66 86 55 13 -66 85 -77 49 -62 27 -21 11 72 -47 83 10 -52 -31 -72 74 38 -10 84 25 83 -30 -54 3 88 30 -76 65 1 60 74 -15 2 -10 -18 32 82 60 16 22 -59 85 23 57 77 -47 -11 41 -52 -36 79 -5 61 -42 -38 7 70 -80 61 -99 -65 9 95 82 35 -78 89 9 -83 -44 -78 -66 10 -39 85 60 -10 27 -27 6 -19 29 7 88 -6 99 23 89 -43 93 43 -42 -88 81 75 58 55 -20 47 93 -89 -55 26 -86 34 -19 -58 -79
24 -19 4 -44 -78 -8 51 17 75 -62 85 -45 17 -28 97 -46 -39 20 -91 -86 61 37 67 22 28 60 15 97 40 -78 -76 33 70 91 60 -60 -17 76 14 -30 51 -35 -2 40 -59 38 -48 85 -77 64 -98 4 65 78 -16 55 48 -97 -68 -23 -42 -93 80 10 -20 7 87 -53 -68 -52 -28 -97 92 -78 15 91 -98 -36 -94 33 42 79 -63 -56 97 -24 -27 2 -21 69 53 -87 -59 28 81 23 5 -54 15 -66 -55 -51 -15 28 76 27 -32 32 92 -94 15 73 57 -59 -45 -59 34 -92 -62 -58 -11 9 7 53 69 90 5 -77 -99 36 -63 20 29 59 -76 20 -72 5 -3 -6 -38 88 100 68 -11 66 -69 -100 -52 14 71 83 -18 -46 38 22 -4 23 63 17 -42 -42 45 -52 -4 -100 90 -40 27 71 47 79 -90 53 65 67 64 -59 -18 -36 100 -99 -85 83 -74 5 -82 16 14 23 -63 30 -55
48 -26 47 -31 12 -49 -99 -95 -54 57 8 26 52 -67 74 -72 -59 -47 -38 29 -24 -13 -80 31 -67 -61 1 -100 -83 81 -78 35 -81 91 36 54 -37 88 86 50 -44 5 -6 8 27 80 30 -67 98 -32 63 -24 -88 63 -17 42 44 38 71 -42 -77 -26 -8 -46 38 -99 10 13 62 85 -65 19 -37 -18 37 93 -53 -33 -1 86 99 -41 91 74 66 -70 -63 4 80 37 25 7 74 -85 -72 99 48 -67 63 60 20 27 -23 42 87 56 -17 -7 72 84 -28 -77 18 98 84 94 23 25 2 18 83 7 53 -43 -65 -76 -49 0 17 89 66 89 -60 -86 -40 33 -94 26 38 -19 -69 48 -56 91 -13 -34 -77 12 -10 -7 34 -96 89 -52 -16 52 -27 25 39 -57 -26 28 -34 -19 11 -25 52 -6 52 -99 -49 75 8 -96 -43 -38 -60 -27 71 96 -35 82 -73 -50 -39 79 -82 30 90 -79 54 13
62 -72 -53 96 -99 51 -69 97 -74 -61 -83 -99 63 -91 27 42 93 -86 -72 16 -70 -51 8 95 -49 -58 36 -22 66 -60 5 38 24 15 -9 66 -1 77 -21 -72 -92 60 -77 -88 92 -14 53 -50 7 89 28 -100 18 87 -34 -25 92 90 -20 43 -73 65 34 -75 30 74 -68 -10 -34 12 -14 -21 71 -98 -70 -30 -69 14 47 -46 -54 70 -45 97 80 54 -60 -12 -16 61 47 -84 -67 48 28 79 -44 -99 53 53 -100 -72 -83 3 -91 26 92 100 -12 -88 69 73 -89 16 93 -86 74 4 -63 -95 95 -19 -77 -68 93 29 -19 -95 -25 11 -20 -50 47 26 -23 99 -68 -26 22 20 -60 -88 -53 -97 -46 -6 -51 65 -10 -27 98 32 -50 -44 -89 -6 39 -27 -38 89 22 -64 -90 38 -24 -53 23 -69 -18 -62 -13 37 -97 17 -30 -45 61 88 3 -80 30 38 92 -87 9 -99 16 -22 91 -18 72
-17 62 30 83 -38 -74 72 75 89 -88 68 93 -44 -18 35 -18 84 -58 -60 3 56 52 -61 -33 -8 -75 40 -43 -88 -18 -68 -58 72 -60 -27 53 85 83 -83 7 73 69 -33 55 64 81 90 67 8 -71 -66 -100 -3 63 -40 87 -37 47 59 -56 22 34 -75 91 -13 -34 88 -32 -55 -20 23 63 13 16 -83 -97 -39 81 -17 76 41 71 -46 83 89 31 67 4 45 -28 10 -60 -78 -90 0 71 -3 80 30 -16 29 -37 -1 -65 -82 -92 34 25 21 13 -69 -15 100 72 11 -96 22 23 -84 -32 56 10 40 72 29 -83 68 -67 -96 -100 -21 5 -9 13 91 -77 -62 -87 -96 77 -2 8 17 -29 -96 33 9 -72 -26 -66 -98 -82 -32 -32 58 18 -59 -35 -8 74 72 -68 -49 -10 -57 -97 -36 -82 -58 23 80 38 -56 -52 35 80 -6 -23 -98 96 -6 -51 79 -64 14 94 -96 21 98 3
-49 92 -96 8 73 -65 -93 -38 -13 94 -76 19 -64 -92 84 99 52 79 9 -55 85 -32 56 -94 93 -93 -61 -53 -48 10 -65 -16 -31 51 79 80 71 5 -26 -95 -1 -40 14 -93 34 -16 9 -27 -1 37 66 -36 -24 -28 -34 -15 18 -5 12 70 52 93 77 20 18 -77 -52 28 65 -21 -88 -44 -7 -6 -34 82 24 -44 6 -80 -86 -95 65 72 27 -61 -21 31 60 -96 -11 -66 -79 -49 -45 31 -25 19 -99 -64 7 21 -64 -85 -29 -9 71 -19 91 50 63 53 -11 -71 -23 -44 -74 87 -75 13 -20 -90 61 25 26 -31 -39 -90 -83 33 28 -70 -60 -50 -54 96 49 2 -15 72 -26 -60 -82 10 41 57 -92 67 82 -98 81 3 76 -42 30 -27 52 22 96 -43 -95 -42 51 81 3 -68 -28 -68 28 -50 -51 -79 15 51 -19 -17 -93 -68 67 -67 15 -2 41 -17 -65 -91 75 36 16
35 -93 -19 36 53 28 100 11 -76 -15 19 -18 -26 -95 -45 30 -22 -73 -38 -34 78 19 3 48 -31 26 73 90 34 -30 -45 -92 -43 28 39 85 38 76 -6 67 -91 71 66 -92 -20 93 -22 -38 11 45 -97 38 8 2 32 -61 -30 -76 12 -4 32 88 18 -37 36 -87 -15 37 21 -70 48 -79 0 -31 -31 -56 21 -10 20 39 -89 -71 -20 -31 -5 84 -2 36 62 -79 -7 7 100 93 -53 90 -73 99 -92 89 -61 15 -38 -88 54 -24 63 11 75 39 51 -37 -80 -51 -2 17 -33 83 -70 9 6 -42 -23 64 -44 -81 -93 -99 70 -42 -71 -38 -55 24 -96 8 -3 -29 -34 16 19 -9 19 -7 -73 -89 -34 -39 -20 26 -68 -60 -39 19 19 -92 91 -40 -13 37 -87 61 -33 77 -97 -80 -99 -16 71 -94 -60 -60 92 100 -60 -63 -55 -2 -71 -81 9 40 -7 62 47 29 -93 5
-22 -83 73 -10 -29 66 58 -61 43 -66 93 -44 -85 0 90 -53 -76 -57 61 20 -85 56 -43 1 -77 3 -53 -27 -65 -98 92 -50 -34 -31 -51 -87 -10 -5 68 24 -21 61 -67 75 71 15 -46 1 22 92 78 -79 20 63 37 -67 69 -5 52 -24 -93 55 -65 -8 78 -87 -96 -80 -6 25 33 27 -1 -6 -17 95 -83 33 -66 30 11 21 33 77 36 -25 -28 -98 5 -17 24 -73 -81 4 -36 -100 -69 -67 -15 13 -91 67 48 14 16 96 -100 34 -60 18 95 -1 -69 11 -47 73 83 73 89 51 97 -78 -44 69 -37 9 -63 82 68 38 -57 -36 22 58 92 -9 -60 -29 33 27 19 75 -38 58 44 -56 -15 -75 1 9 34 84 -30 -87 -99 -26 45 -11 -64 -18 22 -78 74 59 -25 -96 77 28 -17 -71 48 -18 -50 2 -72 93 -13 61 83 99 24 99 -96 -52 57 43 63
-79 -37 -13 24 -41 97 64 66 32 88 -54 -73 62 92 -55 8 -25 -71 73 57 47 96 -84 -18 -15 67 -74 -77 -11 -86 64 -88 -54 60 4 8 24 -93 6 -1 87 13 -95 -15 -74 -87 -21 22 -52 61 -89 44 -23 29 -43 93 3 -40 -82 13 -76 -2 12 28 -54 -29 -57 15 52 -14 14 13 95 43 56 -11 39 -36 -90 13 46 -41 -43 -13 -49 13 -62 84 11 21 47 100 -70 79 68 -80 -37 -21 16 98 10 16 64 -34 31 -34 -40 88 -37 10 94 -43 -75 -43 23 53 -6 6 -55 -67 87 24 51 -95 79 -76 -53 -32 77 58 -75 -54 -15 94 -4 1 47 -4 92 30 -69 -28 63 75 89 -27 -1 -27 -40 68 -60 77 -96 23 -19 44 -23 41 13 -52 -64 -1 -86 -97 -22 2 -100 81 -8 -9 -24 -33 -16 49 -36 -46 -17 -64 84 -71 69 6 -88 25 44 36
50 -2 -39 46 12 24 -93 11 5 66 57 62 -62 25 26 66 -96 -35 -87 -58 -75 100 -17 -31 36 -1 56 30 -60 30 34 49 63 19 -97 13 66 -1 32 -91 87 38 -51 -52 -37 31 -36 -61 84 -53 -35 85 32 7 22 -71 -80 -85 -78 -65 67 -57 72 61 -76 2 82 70 -1 49 -17 -60 -47 -27 -3 99 63 -67 18 54 -95 -44 84 64 -46 -12 66 -87 -43 1 -19 93 -8 11 -56 31 90 69 56 63 37 -1 72 -36 -74 -58 73 -71 -62 -9 -96 -77 -10 -9 45 -71 -26 39 10 -15 88 18 -86 -31 -40 -50 -41 52 14 -27 -52 -1 -75 -19 -70 72 33 66 -21 -22 3 30 -19 -7 28 -60 31 59 12 40 -47 -76 2 42 58 46 -17 -65 -17 -40 9 92 86 11 -50 60 -38 -71 76 91 -55 -90 -82 -36 27 74 -15 -64 -26 0 52 0 -29 20 -46
-81 -76 -100 -81 7 -33 -67 -67 -22 -1 37 -83 -83 91 98 17 -52 85 -33 -89 16 -81 56 -51 62 84 85 -68 75 -89 -11 -1 20 -8 29 -87 -35 95 -38 -36 -48 10 -45 -14 100 -6 -95 -69 71 87 -29 14 -33 26 49 -13 56 23 -3 -51 -35 -19 -14 -52 61 -3 -98 50 62 44 -80 69 -5 39 -92 46 -32 -2 -29 54 41 74 25 -75 -39 79 -69 -96 23 -33 -69 -82 59 10 69 0 -29 -56 22 -18 -43 53 0 -39 64 -94 86 78 -82 79 -64 -81 75 -93 0 -17 83 25 44 35 27 -9 23 52 -67 64 -49 -4 -43 86 54 -1 12 49 -4 -94 -24 88 -30 66 7 81 -87 58 -88 -60 -41 -17 42 -81 -18 50 3 69 -63 -65 15 72 -39 -38 87 98 51 -33 -41 97 -84 78 68 43 -39 -28 66 96 -6 -72 9 -41 55 -67 -55 -50 -29 -15
-98 50 48 -57 -34 71 22 -75 12 -97 56 100 76 -3 -35 45 -27 -28 1 -95 -27 -38 -65 66 35 59 -13 -68 -9 -85 -55 64 80 24 0 -33 -54 6 -65 -38 1 -68 51 -67 -30 -5 45 32 11 33 -41 72 -26 -96 81 91 -6 4 -5 -20 24 -16 -11 -44 15 49 20 4 -87 -79 66 -75 -99 -94 62 17 -10 -81 -84 67 41 42 31 43 -14 -66 -33 -10 56 -25 -46 -72 100 -55 -82 77 -28 -19 -56 33 82 -77 41 -54 16 58 -63 -95 43 -35 -68 -70 -8 8 93 -16 60 66 7 84 -87 45 69 -16 13 -59 -6 -3 -35 16 -17 95 39 -29 96 49 -51 -10 -12 11 94 -1 -39 70 66 -20 -13 -55 85 57 -31 -40 -51 -7 -80 -94 -61 53 -34 -42 -3 82 -58 32 79 -78 -16 -64 0 2 -40 -53 -79 -45 24 18 23 -55 -82 -31 -38 24 46
81 18 -4 -50 -23 39 28 77 -4 -74 -87 78 -7 17 17 -45 -14 -81 63 46 -59 37 59 -95 -98 17 78 -39 -32 -1 61 -30 -42 69 82 -50 46 19 -80 65 24 -68 23 33 -56 66 -52 39 -37 -60 -88 95 -45 9 2 83 -98 49 -48 -48 -71 73 -93 53 72 -21 33 32 -87 70 43 64 -76 -34 1 66 -37 -41 10 18 -78 -52 -53 -93 -97 -90 -75 -32 5 -34 5 85 -38 -4 73 76 20 64 -13 -14 26 19 32 60 -37 -76 -94 100 -62 80 98 -71 60 71 -96 -89 97 1 31 -21 31 -30 95 14 -12 -95 59 43 21 -50 39 -49 -20 -19 15 -8 -53 -79 98 -13 25 -48 -1 -85 9 25 17 60 -83 -29 92 -18 50 -60 -62 -82 -85 -54 -67 -100 -73 54 88 92 -86 -17 -82 -13 30 89 54 34 -65 -84 -57 7 -33 4 65 -69 -64 -84
-20 -37 -94 -8 -35 64 -45 49 -85 -58 62 10 95 27 63 88 -97 -46 -26 2 -35 22 86 -16 27 45 4 -46 98 38 87 89 -95 -79 -27 30 35 -11 5 -90 74 60 58 -57 29 98 -91 40 71 -89 51 -87 -92 -62 -83 14 -4 60 94 52 10 85 11 -36 57 53 -11 64 -12 94 -85 -21 -59 -66 13 -75 -40 -48 -87 66 -48 -47 -34 25 -96 86 16 -80 12 30 -99 -60 -50 58 46 -46 -2 -70 47 58 44 0 15 -48 -67 -70 -72 44 36 -72 84 -4 -62 4 61 65 -20 33 -23 31 -97 15 -71 57 -2 -90 32 89 -70 11 94 47 63 67 -54 79 -24 -20 -60 -95 -57 -61 14 -84 63 92 95 15 37 -32 87 -37 -1 4 73 15 -17 68 -100 32 -85 -64 -9 11 -43 -95 -65 42 -96 1 -25 -27 -66 94 -42 61 79 15 -87 -83 -19
-63 48 67 -17 49 -35 -16 4 -50 -15 11 -70 -55 42 59 -73 -97 13 -98 0 97 51 65 17 86 -18 -61 20 -92 -7 -16 99 36 -5 -100 99 38 83 43 -97 33 -18 76 -90 -3 57 -51 -54 -16 -70 85 60 -5 -54 96 1 52 44 -66 -58 38 75 43 12 -3 82 72 5 85 26 14 46 -1 75 -95 90 -97 -5 10 -72 52 -2 -76 92 -100 15 -35 -3 -81 29 98 -61 55 -54 15 94 -15 54 -82 -82 -22 6 -15 -72 58 86 -33 -2 90 -74 -93 17 -32 -87 -96 -60 76 56 35 -21 12 83 23 54 -6 -83 62 -76 21 -87 -57 -8 -54 -46 -8 85 -98 -42 -66 -19 84 67 -45 -97 83 -84 -88 85 -78 -74 17 17 12 -63 59 45 -7 -18 86 -1 -11 34 -75 -87 -97 96 80 52 -94 29 -56 -87 38 -86 -52 29 -77 29 -11 11
24 75 -81 -89 -99 -81 -21 40 61 73 -21 -64 -45 -53 42 43 -60 -94 -72 -98 57 65 -11 -27 12 -64 -56 -9 -23 -42 94 84 81 -85 85 100 21 99 48 -99 6 -11 91 86 -23 84 56 8 -18 63 44 84 -78 68 45 -86 -28 -81 37 -83 -97 -55 -18 -26 96 -35 51 -51 31 0 -59 92 39 16 16 71 14 64 55 -41 -17 80 100 -22 -28 48 -93 74 22 -11 28 -63 -1 -32 85 -93 -44 44 -69 14 67 21 54 -68 -62 -73 -87 -65 -18 55 -44 -2 66 11 62 -15 25 53 -42 61 93 -79 72 -69 -61 -5 -87 -26 -3 37 95 82 0 23 -48 -82 -97 49 -58 -40 -49 47 -42 -68 26 71 98 -72 -87 -34 -44 8 -92 31 26 78 -96 -95 -62 -97 -64 -19 -3 20 -38 10 90 -79 -21 7 67 77 -80 93 -48 -77 -92 51 33
39 -61 -42 29 54 79 10 98 -35 56 74 -14 -75 -30 58 70 4 -27 -3 54 26 53 -40 44 -8 -74 -39 39 80 91 28 -22 7 93 53 70 -98 -16 -4 67 53 96 60 -80 -91 -62 94 -89 -64 1 -40 -30 91 -28 -44 -8 -15 -97 45 -72 45 9 -32 98 -17 -96 -5 31 53 3 97 -20 23 83 7 -55 -13 -37 87 -92 39 39 -92 35 -2 86 -9 -46 34 78 -78 16 -21 -85 -29 69 46 -2 -82 -37 94 3 -80 51 -97 67 14 -59 30 15 -56 5 -74 13 13 25 6 2 17 88 8 -80 87 98 73 65 12 -78 -29 88 -26 -11 -60 -46 -34 93 68 -77 27 -74 -37 -48 -65 -12 -37 28 -97 -57 13 55 -75 -27 -90 -25 -22 -86 11 -19 100 -87 73 26 -77 11 -44 -18 -84 -22 56 -93 -90 27 57 -100 -11 -33 -23 -78
-52 51 48 -90 -42 -28 69 44 90 -25 22 -1 8 -100 54 86 -77 -61 38 -87 -6 -16 -64 -20 -49 22 -25 86 21 -59 89 63 87 41 -27 -63 -68 -64 -91 2 -6 -88 -18 -73 -42 -8 -4 50 55 -64 -34 75 -16 -90 52 -3 81 -60 25 -68 82 32 -60 82 -76 -49 47 59 -70 41 -95 -30 -86 -2 -29 22 45 -94 44 52 18 40 57 76 21 49 20 2 -100 62 -85 -79 -10 45 -74 -71 -21 -76 -18 -26 42 99 -25 -32 -7 86 -7 -94 -79 -81 78 41 -59 -91 58 -27 15 25 -56 -17 88 -81 68 -24 -56 -16 58 64 -34 -68 -86 60 -63 60 -17 -16 -53 -42 89 -86 -18 -11 -53 -7 -34 0 -88 -33 83 -18 -98 -39 32 -22 -19 93 64 50 -74 12 -18 -45 55 30 43 65 45 -24 38 29 -48 -96 95 58 93 5 42
40 -48 37 -11 -62 -4 71 35 54 -21 -61 -25 -84 91 67 -7 26 -58 32 72 14 70 3 -76 -11 -85 53 -40 31 -15 36 -86 20 61 4 97 -37 -79 61 52 19 50 9 74 66 -81 -56 45 67 -41 -86 92 -81 -26 -58 26 72 -30 1 -34 -49 41 -54 -74 -5 -86 -83 -5 49 33 23 -40 38 27 -78 -26 -95 19 70 61 35 75 11 0 -54 53 83 -8 73 -38 -37 90 53 -32 76 63 -22 43 11 -41 97 94 -95 -74 34 75 -71 -86 -56 -47 36 -16 -1 74 49 -60 -6 71 -15 38 80 -96 -29 77 -93 24 -100 92 10 57 -50 62 -20 90 -78 -20 -55 -35 -51 39 -65 33 -12 -98 56 100 83 74 99 -15 52 13 -72 23 -36 -56 78 -35 -56 -50 44 -99 -73 73 30 -20 -71 100 32 28 1 47 32 53 89 79
-1 -77 31 -59 -55 41 -64 -66 48 -20 14 93 -96 -76 25 100 6 -17 -84 -34 -47 1 1 33 -53 -54 56 84 20 -33 36 -35 -18 -81 28 -52 -88 -94 -10 -58 -31 -28 93 78 -37 -90 -24 -7 -4 0 -56 -13 -9 30 -26 -37 1 -80 49 -8 18 -52 72 -25 -21 -44 -39 -59 -76 -64 62 100 -75 -87 26 30 -41 49 -79 67 -91 78 20 73 51 -77 -98 76 -52 41 100 12 62 84 -62 91 98 9 5 -10 -31 60 0 -94 -10 -63 -31 -100 12 31 33 -74 -58 -92 -32 -72 82 -98 66 -82 -18 100 83 -92 -24 -4 -80 -94 83 -53 -2 -64 -39 18 66 83 80 -13 97 10 29 -59 -22 -15 80 88 -12 23 -37 -11 -53 -2 -19 -26 -55 -72 67 -78 -68 14 -91 50 85 -72 16 -63 47 92 -7 51 46 -42 74 -61 87
-28 34 49 -6 30 32 -42 9 -14 -84 76 26 40 81 -89 -45 17 -85 58 49 -47 47 -68 25 -55 13 -80 79 43 9 9 -37 -97 47 -59 -29 -60 53 -23 85 55 -2 -26 -43 2 48 -100 74 -28 26 50 -53 -29 46 68 -66 -86 -65 26 9 -11 -25 -52 53 46 66 -37 -72 -99 18 4 -99 56 -45 46 61 66 -52 84 -13 -46 13 85 -94 58 -32 43 51 7 33 26 50 -7 -4 77 -70 -7 74 -65 -2 -88 -45 -24 6 83 -79 18 10 -96 63 51 82 -40 -40 93 11 -81 -44 59 -78 85 -44 71 62 -71 14 -80 7 79 20 -87 39 30 85 -49 70 3 77 3 11 -11 -100 -48 -77 -15 -40 72 -91 77 -68 -93 -86 -1 -99 -55 91 82 19 34 -77 8 -69 46 31 72 -28 3 -16 44 -12 60 -93 36 84
75 -92 13 -70 -80 -75 -25 90 -75 -39 -5 58 11 50 99 14 22 -61 -93 -15 -70 -93 -12 -51 -41 -21 -6 90 -52 89 10 13 -92 25 -16 -36 -25 -65 47 10 -12 -32 -70 76 -11 -12 84 -42 39 -56 14 -81 81 -29 -48 51 -7 -86 29 -41 40 86 32 19 24 55 16 -27 -41 -39 20 -86 26 -53 97 73 12 29 -82 65 -34 57 13 18 -67 -98 -35 22 -26 69 40 66 -28 -72 24 -14 -39 57 -22 -84 67 54 18 98 60 76 -54 99 54 86 -70 38 57 -47 59 -37 -3 -76 -82 -97 -26 95 7 -6 -83 -6 -71 43 -100 -10 -11 28 38 -18 -89 78 -86 -38 -86 6 74 80 36 68 29 24 7 -86 97 80 20 72 -37 -79 -26 33 72 51 -20 -58 -36 19 7 -91 -81 4 -64 -63 18 -19 2 68 -100
23 43 -74 56 -15 13 48 16 -23 75 75 -72 42 67 59 68 57 -55 85 -49 47 -72 -52 -42 -66 -86 27 13 63 87 84 -73 -36 36 -93 -30 99 -23 -23 2 65 79 60 47 -29 15 -42 -82 -8 -29 17 20 17 -78 66 33 31 78 -18 14 -17 -19 93 48 67 11 -94 78 86 93 -52 62 -54 100 -85 -97 -22 -49 -65 96 32 37 -84 -19 -20 -25 -4 29 -16 97 -6 -87 82 -18 -88 60 65 -20 -96 12 98 30 -99 -92 -24 86 -25 88 94 -32 -1 91 -4 -61 -44 -7 77 -70 -61 -15 73 -62 -22 -35 66 -11 -37 -66 75 -59 94 -12 -100 28 91 53 73 65 -11 98 26 28 -14 -28 -75 -23 50 95 73 18 -62 -49 74 -42 -72 -2 -75 24 42 77 79 61 71 -77 69 10 89 52 39 66 51 48
65 -56 -72 -50 -19 16 -24 -69 56 52 -80 -50 71 -36 -34 41 91 77 55 71 -43 29 -28 11 7 89 -38 93 57 -92 52 52 -33 23 -66 59 -16 36 -44 82 -17 -82 81 -21 94 -20 -82 -16 12 78 -52 -30 -34 -38 88 94 95 -30 -7 -26 -88 85 70 75 -65 53 -42 86 15 96 -25 -64 -69 -77 2 -1 0 -27 -63 79 -68 -50 5 74 29 63 41 41 35 65 36 -88 -43 18 52 -4 27 -56 -9 -75 24 -4 29 20 -23 -18 -8 53 48 -79 68 62 -72 4 -16 4 -45 -25 -7 -78 -96 -44 -65 -94 42 -26 44 22 -54 87 57 -67 87 -2 -93 -18 -2 -32 -72 -41 82 9 71 -83 100 94 -98 83 -91 -59 45 -86 89 50 -73 81 -17 74 -15 12 72 -21 48 -38 81 -65 35 42 -19 -11 -38
-91 71 11 92 65 50 -47 25 -84 24 -77 91 -14 -20 24 60 -2 73 9 28 -6 -14 -86 -64 76 -26 35 -25 -6 -77 -27 -76 81 -63 -48 14 -10 7 0 100 43 28 61 98 41 -48 49 -80 -1 68 -14 87 -85 -47 69 -31 -54 -46 -78 -82 -74 -45 -81 -63 -56 -95 44 72 31 -9 -62 -95 -65 67 9 -87 68 -70 99 -85 -36 48 96 -31 87 -55 17 74 71 16 -85 -27 88 7 -62 -98 -24 69 -66 -13 -83 39 23 -19 36 -67 15 85 12 15 38 8 53 100 -76 57 65 30 -97 9 -37 27 -17 89 -62 23 -44 -31 -12 40 36 -3 -31 -4 73 22 91 -60 23 -27 -20 22 27 -77 -9 14 81 99 49 -66 -61 77 52 -35 26 95 -28 40 -12 -11 11 -14 16 -65 -55 -9 25 -25 15 -26
-22 34 -6 25 -65 37 -55 -30 -36 32 -32 -15 77 14 -94 -48 48 -24 -97 52 98 -46 49 -100 36 -7 78 71 -89 40 -36 91 -24 -68 85 -57 49 38 28 80 -97 -71 82 -47 74 -49 62 96 67 -87 93 17 -61 -42 30 -61 -62 35 76 -94 -89 -31 -100 58 -21 33 61 -73 83 99 -35 47 6 23 35 53 65 51 95 -70 49 19 77 93 14 -41 72 -62 36 -16 -23 -6 57 -68 -16 -6 -66 10 -68 -64 75 -5 57 -69 68 30 7 93 58 66 -38 96 -34 -82 -57 -34 -42 7 -57 58 -51 39 -35 98 29 -22 38 15 92 -38 48 -21 -51 49 72 60 -48 -62 46 -91 -48 95 -24 -48 18 -79 79 84 -37 35 37 -73 -17 66 -60 34 -89 -17 -13 -100 -60 100 99 12 32 -57 96 28 -65
-82 75 95 56 -87 11 47 -95 -24 32 -11 -63 14 89 -40 -73 72 6 -45 67 34 70 44 30 -77 -41 6 91 45 59 -97 -92 -48 12 -5 -93 94 80 56 -65 21 -24 -41 -14 -25 -55 23 96 -31 29 -82 25 -91 -18 -8 43 -14 93 65 73 56 -20 41 32 15 -61 -1 -96 -88 42 3 -49 33 -72 10 -78 84 27 95 -20 49 -15 -53 18 -51 57 -2 -64 -70 81 50 31 -28 48 45 -78 66 61 -89 18 79 -15 24 1 81 90 -70 22 -82 -24 3 -33 35 -4 -73 -44 33 -65 97 84 50 25 -24 -13 40 29 83 49 -65 -54 73 -35 -68 -40 -44 89 50 -9 89 -77 31 73 89 55 0 -40 -7 -1 46 99 92 25 52 53 44 17 34 42 14 83 34 -55 0 -9 -60 -76 10 74
-80 -86 79 46 41 -93 33 -23 35 62 76 34 57 -25 -2 -4 21 98 -6 -23 -77 -19 83 -31 -45 71 -8 33 -30 33 34 33 73 -91 81 -82 81 36 -23 97 -24 -53 33 -60 84 85 -84 92 -48 -38 -5 -51 -27 -25 15 83 -49 -23 -5 90 22 -51 79 -52 37 12 77 53 87 -12 2 16 -77 69 53 -82 61 48 -63 -19 6 87 59 -50 49 -99 81 -50 23 -13 -80 19 -63 -90 -68 8 -75 7 -86 87 39 8 -41 -99 29 -28 -44 14 13 -59 -57 -63 -96 53 34 -35 75 -97 -94 13 44 48 21 -50 17 -25 -91 88 -9 -36 -52 68 50 98 -23 19 -44 -10 74 43 36 -87 90 35 -16 5 -57 -97 46 28 32 -18 -16 -22 75 -91 49 91 -87 20 47 -79 -55 -45 -86 24 9
66 81 16 -43 64 -1 -48 -85 18 62 -86 -41 -92 57 -82 -53 13 18 27 69 34 -48 -5 -62 -41 -39 73 14 58 -3 -71 67 35 -55 -18 38 -10 81 -14 49 -12 95 84 -34 -74 94 54 -21 83 37 -64 54 -82 -97 75 -80 33 -15 -74 -43 60 -16 75 -48 64 -18 -66 -25 26 -12 64 70 -9 30 26 -59 -71 -77 -29 -24 -41 91 0 41 10 -52 -41 55 -15 -6 -3 -52 -62 -77 -84 44 97 56 16 -1 -99 -81 -96 -64 21 -55 -19 -66 61 7 4 69 -8 76 -58 88 12 -96 -85 34 81 -27 -68 27 -62 -28 -48 -82 93 -79 53 83 -72 65 71 52 45 -100 77 -82 36 -20 89 7 45 -53 26 40 55 1 -21 66 -49 85 -4 -91 87 51 43 -93 -48 42 -56 -98 32 22
-92 -37 46 -39 69 -6 38 27 -95 14 -82 -87 46 59 -39 21 -43 1 88 -80 -12 -37 85 80 74 59 37 62 -71 -34 -33 71 -85 -50 -93 -87 -29 -58 -95 27 -63 82 -15 68 -44 -100 4 71 -10 -79 -59 -100 -99 -100 4 92 88 -23 60 -27 3 0 56 -81 12 51 52 -63 -56 -68 12 -1 75 83 -82 63 -67 -75 -61 86 37 -34 -33 30 99 47 84 83 40 87 57 -44 29 91 62 -52 90 47 46 -16 15 -91 -62 24 54 -75 5 23 -100 48 17 -91 84 33 -39 -77 -16 -32 -26 -97 9 -100 -87 84 41 100 -4 64 23 -46 -78 -88 -89 -44 -48 -56 -3 12 59 -59 -28 62 65 -99 -28 -41 -34 -18 -73 32 -31 50 60 36 -45 -34 72 30 -68 -54 92 4 -15 -14 14
76 -98 62 92 -7 -16 -83 13 13 -22 -67 27 -57 -1 23 -6 -64 -2 51 52 -48 -94 81 -83 -96 -15 30 -7 -30 17 -12 -50 13 81 -11 71 57 -26 -97 -31 3 20 -28 -15 -40 7 73 -9 -35 36 11 -13 39 -65 20 -11 52 13 9 26 25 -70 -46 90 37 54 46 -78 8 88 -16 -15 73 52 -93 42 40 93 -32 -62 -77 -53 -91 18 0 69 -55 57 -88 -81 93 89 19 76 2 -8 41 -87 69 -100 -53 90 9 30 83 12 -22 64 -60 -3 -55 -25 -7 60 37 -77 -6 -83 -18 42 -27 -26 -62 34 -26 -37 44 -17 -95 67 -67 -11 -99 -59 -1 24 -66 95 -54 -82 -91 -35 67 59 76 -13 76 20 13 -79 98 -35 54 -4 -51 17 49 57 73 91 -65 36 53 47
66 -21 -36 57 92 42 -72 73 -4 -49 -55 -55 -8 53 18 -36 40 -81 15 95 -65 23 -33 63 -7 -18 -36 -6 86 17 -55 41 24 -79 -8 20 -89 5 39 26 12 23 -28 34 -99 -32 49 86 -9 -85 70 -53 -46 -71 49 -22 62 -43 -29 -69 35 6 77 -1 83 25 -56 43 -10 -74 -54 -92 77 25 62 63 3 -2 -53 0 -60 -88 -80 -24 -72 86 -99 -62 -71 -8 46 -12 68 29 -57 3 66 -61 -26 -86 -24 15 89 99 7 92 90 -65 -36 -89 34 93 81 79 -28 20 90 95 -17 47 -11 -15 -11 50 83 -61 -74 -64 -4 8 -58 -10 -65 96 98 93 98 6 90 -83 -46 58 -72 9 -58 -44 -64 80 83 -60 -89 57 41 79 -85 -45 10 70 37 -54 -79 45 -86
85 -75 -89 59 70 -25 -33 -8 16 30 -68 -59 2 50 -53 -10 -87 63 -22 18 19 -37 89 -90 100 98 -4 -21 -49 3 -33 -22 -6 -7 -16 26 53 -73 -87 98 -66 -33 -91 37 -90 -15 19 -48 29 -13 -1 -44 -33 -27 -27 99 31 55 25 -43 16 -9 -81 48 94 -75 6 -13 62 70 94 -92 -54 -91 -39 -92 83 100 35 25 -29 -86 -52 14 -85 -20 93 -93 -14 78 -91 -91 -46 -48 22 -61 50 -64 75 -66 -42 97 -24 -34 -21 64 11 64 10 -23 -3 65 -90 96 86 -35 -57 93 7 -33 16 16 -5 -63 -75 69 -28 91 -36 -2 -13 74 -99 70 67 2 87 -75 95 -37 -7 36 -6 64 -10 86 55 21 87 16 -6 -14 -52 -83 -84 45 46 80 17 29 -58 -32
-65 -51 7 -64 82 68 79 69 25 91 -59 -59 98 6 -73 -77 22 49 -84 -66 75 -49 75 -88 -19 7 -31 43 -27 6 -21 -46 -18 25 -42 48 -61 -25 94 23 86 -98 -28 -95 35 82 61 -65 71 80 3 46 77 -68 -15 91 92 90 52 -93 31 -2 69 96 -7 -5 -66 -60 46 -16 33 -76 -28 66 88 85 -26 32 40 -94 -2 0 -97 37 17 49 -85 -8 18 23 -65 -76 -53 -89 -87 75 7 12 -18 26 -43 50 71 94 -14 -82 -61 -5 -96 45 -60 89 23 -1 24 -22 37 -67 97 -74 16 -27 73 52 -58 -67 63 11 99 34 -8 35 -25 2 45 20 42 16 88 -64 -71 52 64 -59 -39 43 -91 -96 -69 88 -75 -12 -31 28 21 -30 44 0 99 -1 18
-69 -14 -24 -83 -43 19 -97 -99 -63 66 -71 78 54 -98 -61 39 12 -31 47 89 -69 -4 -20 -36 74 73 -24 -78 -90 -58 8 -5 -47 -86 69 99 -38 73 -100 -47 -60 72 5 35 100 -1 6 34 -88 3 84 -60 -21 91 -8 -12 63 58 68 -56 -58 -78 -16 -41 9 -44 7 24 23 -89 34 41 96 -89 67 56 40 -42 39 39 91 46 78 -69 69 -65 -92 45 94 -62 98 32 -67 12 30 -50 -24 -66 50 -70 -14 -28 -74 -71 -51 -27 -61 23 99 -52 -49 -58 -57 63 87 3 -20 -84 -34 -10 -4 -46 31 -34 -42 80 -42 -94 -12 -14 24 -64 -97 25 -33 -67 92 -3 20 -54 75 -22 76 40 -72 -71 -19 -54 -35 -58 -61 -99 -88 -26 -86 20 -14 -45 25 44
76 -75 -25 88 2 -95 -72 16 -73 -87 61 -35 -86 26 43 86 -23 -7 -2 22 27 46 -94 -45 -5 -5 -17 86 62 92 95 98 -69 -66 25 -98 78 33 -91 -7 86 -72 75 -39 71 70 -3 46 46 -37 86 -9 38 -5 -99 49 -85 -8 3 93 -32 -4 40 -37 -54 -16 7 63 85 -6 33 -2 -87 -6 -67 -41 67 -10 97 -100 28 31 78 -75 4 -93 -9 20 33 -18 67 1 20 -98 -36 -33 39 77 -15 7 -71 -83 -18 -76 -34 -65 42 16 -78 -99 -21 -73 -19 41 80 -70 -29 24 6 25 -27 95 90 71 -61 29 52 -27 62 53 -34 50 97 -71 -39 -3 19 25 -71 -97 84 -15 -8 -76 -12 -52 57 -70 36 -52 9 4 -22 -93 -4 16 -44 11 30
-41 59 79 -13 -22 60 1 -100 16 -92 73 -65 -83 38 -44 69 8 -66 -55 59 42 39 66 -35 -31 -89 18 79 12 66 99 -48 -99 10 88 78 -79 -69 17 21 49 69 94 -73 -96 -42 -65 -41 94 16 -61 0 -86 44 -100 -31 -41 75 48 -15 93 59 -43 -21 4 1 14 -97 9 20 69 84 98 -36 52 28 -72 26 6 -73 69 -31 8 97 -56 -10 -87 94 3 -90 28 28 60 -45 12 -78 -61 -46 68 -2 -90 -96 -98 -92 -44 -16 -82 -46 17 -44 -57 93 -34 53 22 55 30 74 -79 87 45 -56 56 8 5 65 45 59 99 -95 -18 -58 61 -80 24 -29 -26 24 -60 -61 43 75 29 -50 -5 21 -21 -53 96 23 74 -3 74 -93 18 -57 91 64
8 65 44 36 27 -100 97 30 43 -23 30 46 -44 -42 24 59 16 -37 52 76 -72 52 73 8 -91 -22 -74 8 35 82 59 95 26 46 -61 -73 84 -98 -33 -45 -38 -65 -4 11 43 46 -89 -48 5 -20 18 10 59 -40 -67 -55 -14 9 14 40 -98 -18 46 11 89 63 13 -8 32 12 -65 10 97 -14 30 -95 -28 -65 -33 -82 69 -37 -31 83 65 52 -17 75 -35 -74 -89 -71 91 50 -22 -39 71 10 -34 -97 8 6 -16 23 48 -75 30 88 -81 87 31 77 -52 18 -82 -82 78 55 -66 -67 -29 56 -41 -30 -87 -79 -12 -12 79 26 18 -84 81 -36 -77 92 10 10 19 87 41 -69 -53 -51 96 3 15 -71 -90 51 -63 -54 -29 11 -88 -35 -74
84 85 -11 -71 99 85 -34 44 -65 -49 -81 -2 13 -69 -59 -58 34 16 64 94 -40 -2 -84 100 -12 -9 -60 22 -34 -13 4 -10 20 -73 -87 22 17 -49 -86 69 92 56 56 -10 22 -17 45 57 -46 15 15 58 -31 85 -94 50 -29 -48 -26 -17 -22 -56 -70 -40 100 19 -76 -18 -20 -5 -100 85 39 49 -85 -10 -50 64 30 -69 56 47 -65 45 -17 -50 -5 -55 13 86 39 36 0 26 -54 -86 14 64 -67 -66 -80 15 92 23 -10 -24 21 -92 -76 -48 79 72 -44 38 50 96 63 -21 -94 -64 7 -73 37 -81 39 69 -63 15 -7 -60 -79 -17 95 26 -65 81 -52 -12 -85 -40 59 15 44 -93 -29 -70 -42 -16 -97 -78 14 2 -95 -45 5 -70
60 -3 41 95 50 99 -62 82 26 4 -23 5 -52 -40 -16 -35 -14 -31 1 25 -68 -97 -7 63 83 -44 0 -28 11 52 3 -93 80 -78 71 65 -52 -84 21 -9 -99 -77 -75 -58 -35 -15 -47 6 -71 47 69 -96 62 -56 42 -36 -60 -58 -86 -86 -25 13 21 3 -100 41 33 18 84 -22 -31 -70 76 45 -85 42 81 90 -62 25 88 -35 40 -53 73 -33 -4 62 3 61 44 -83 -98 42 -66 -93 -23 -78 34 -28 23 -48 -36 91 51 87 19 80 6 98 14 -6 88 54 -37 50 -9 87 -63 95 7 65 4 -20 -11 11 -68 -82 22 -32 80 58 -53 10 77 -13 -41 -60 14 -82 48 97 85 -28 38 -14 66 -18 -71 37 -74 -53 30 -92 0
-97 39 88 -6 84 98 -36 -40 -74 -12 39 97 -1 -84 -36 -74 0 -84 -47 -70 -100 -26 37 7 59 85 -37 -31 -90 62 39 -12 95 -60 -15 -39 66 -33 -26 40 -38 -32 -3 -88 -55 56 93 46 80 -57 10 26 95 67 -17 66 10 12 -82 -73 -94 -37 -2 50 41 -62 -13 -63 10 63 83 -69 47 73 -18 -58 -43 60 97 6 -78 -13 51 -29 -6 99 80 -6 1 -79 -18 16 33 15 89 -90 76 -72 98 -38 33 97 84 16 20 -58 88 -71 -78 50 9 -62 21 98 -5 11 97 -56 79 22 -7 60 -26 10 -91 64 11 -30 74 -32 100 95 4 22 -36 -11 -72 -53 60 17 -99 93 46 -54 25 -43 47 -80 -52 9 -23 47 -91 74
99 36 40 32 70 86 -8 32 -70 45 55 6 67 1 -37 -72 47 -48 57 -86 57 0 79 -67 42 -26 14 -93 -48 -7 5 -36 89 95 -41 55 71 -72 60 -85 72 32 -40 31 -1 -37 43 -9 30 24 75 -35 -67 64 64 -60 -43 -4 20 98 -22 80 -17 -74 -34 -29 -80 61 7 -12 5 -58 64 -82 78 45 11 -11 51 -96 82 -96 53 -43 -26 34 14 10 96 -55 -4 -20 -8 93 -15 -25 19 18 85 -97 -42 -34 -20 -23 48 63 -56 -77 52 34 43 -10 -19 -31 -60 41 -81 -5 47 11 -100 86 38 -81 42 -96 39 6 67 48 -6 -39 -90 92 -32 39 5 24 60 62 42 51 -48 -66 16 -37 84 -91 65 -55 97 89 40
6 -27 -41 88 -93 24 82 75 89 -72 -29 -55 0 87 52 90 94 93 94 -12 -100 15 26 65 -42 -27 -76 7 -74 -90 -100 33 -27 -38 43 -88 -28 -75 -28 -85 75 -12 -39 -57 -82 52 -29 -68 78 1 -47 77 38 -99 63 75 -89 1 16 96 18 28 19 58 -59 76 -60 -12 72 -47 97 80 4 3 66 29 89 67 34 -97 -40 13 55 41 56 39 -25 46 78 51 -75 -99 -69 -81 -40 19 16 88 -54 47 4 -90 18 -81 32 65 43 -82 -17 -24 -12 85 6 71 17 45 98 38 82 -62 -3 2 3 38 -92 46 -83 51 59 73 -65 20 -44 -69 10 85 -10 89 -7 89 53 96 81 90 -36 74 -81 -99 -52 -98 -13 -17
-98 -47 -43 36 -61 -10 37 100 26 32 -28 72 -89 -49 96 -87 40 -45 86 -48 27 63 -5 -36 64 -13 -65 -91 -26 7 36 -94 -100 83 13 70 -91 -19 -30 11 -25 67 -89 -79 87 88 66 26 62 15 -38 -28 -55 36 37 43 74 28 43 -36 94 -64 -84 -64 -79 -87 63 56 14 -83 -40 55 0 -48 -78 24 95 73 16 40 57 -7 -95 72 -96 12 -25 -5 59 -52 3 66 38 -40 -15 8 -65 36 -76 -35 -10 18 -56 -10 33 -37 80 76 11 -95 -46 50 99 45 -73 47 -90 -53 32 -27 55 -32 -44 -12 -82 -88 -13 89 -13 21 4 -15 26 -57 -81 99 -14 80 18 -87 88 -44 96 74 95 -23 -61 -22 86 4 31
40 11 -74 88 -98 65 97 31 48 11 -72 -9 30 -34 46 74 40 22 66 -11 62 -22 99 -44 -70 -75 -53 76 -14 66 40 85 44 -11 4 -83 -33 61 -100 -60 -43 -74 -34 70 62 -95 -83 -16 -55 84 -1 -23 48 75 -38 -83 -5 -95 -19 -52 28 -3 -95 -5 -70 -88 31 -69 65 55 94 26 94 32 64 -29 -43 -2 -98 93 -61 -22 -23 73 86 -12 96 81 -80 -17 -25 17 90 -60 48 32 -73 86 30 -5 -54 33 -4 23 90 95 -16 -90 53 94 -31 -65 -1 -32 -47 77 -44 66 25 73 8 -29 -2 78 8 -61 -82 -92 -34 -57 -11 17 65 1 -23 68 72 63 65 45 -58 -59 -89 -69 -85 70 -99 12 21 92
-82 29 -20 -69 -7 29 11 -25 100 100 -43 -90 -34 87 -43 -10 43 37 -61 41 55 -9 52 -73 -71 -73 75 -2 -43 -41 51 85 66 17 -80 -10 -17 52 34 -92 -1 -73 76 37 13 38 -97 -28 67 -45 64 -73 83 -64 99 75 81 -49 -46 55 -52 47 -43 24 72 45 -61 48 12 35 -47 85 -81 22 -76 -65 79 45 -11 99 48 -72 65 -69 42 -34 34 5 7 -91 -5 -20 91 92 -22 -94 94 -42 -27 -11 32 26 -24 17 -58 -12 96 -74 -81 -90 -87 11 -72 10 96 4 54 -58 80 87 -90 76 -11 50 -52 -8 44 51 13 -100 -71 1 27 1 16 76 90 30 -95 -100 67 98 -25 37 -69 -21 -91 54 98
-41 17 -10 79 -22 -8 29 21 -90 -10 -81 15 -44 -18 -31 -85 83 -68 92 88 44 -36 -43 48 44 -50 -47 24 90 56 21 73 31 -44 -34 -6 22 -83 79 77 -51 30 -68 79 -22 65 79 89 69 43 -53 -67 13 -88 29 -58 91 59 -44 -61 72 -75 2 -18 64 80 69 28 67 -82 27 99 71 -50 -86 14 -16 57 24 -86 -98 -27 54 -64 -77 -97 57 -93 25 54 35 21 -73 5 -75 -83 69 -65 -91 21 96 67 -90 81 91 89 -72 52 71 24 68 75 -26 -43 -47 63 17 -93 2 -67 47 46 43 54 -95 82 23 -36 -60 95 50 -5 35 -46 -97 91 83 27 -49 -94 23 28 2 -58 83 -62 52 -6
-28 42 -80 -69 72 59 36 -54 -46 60 -4 -5 1 -43 -31 8 -26 83 -82 26 22 -60 -38 -79 -43 -75 -68 8 -78 15 -36 -78 -29 52 -56 34 -92 55 33 11 -69 -2 -2 56 49 -7 86 -11 60 -19 -47 -21 83 13 85 18 -55 18 -15 -66 98 -7 19 52 -67 23 79 70 -11 -79 22 82 86 -82 13 -39 -42 -94 -53 -12 35 45 -22 -38 61 33 38 85 75 42 -10 -100 -81 -43 10 -4 99 -13 74 -66 -64 97 -99 -19 97 -71 -99 -96 -53 99 -94 82 -72 22 5 46 -39 13 53 -24 -17 -81 -67 58 -53 -96 90 12 -27 97 -85 -40 22 90 73 36 6 -27 -13 -13 -90 56 -50 69 -10 27 -15
-43 70 56 56 -33 -13 -63 39 35 -93 97 25 -21 87 100 82 73 -79 40 30 -21 86 -35 -56 76 11 -85 -33 -87 26 -39 71 54 37 5 -6 21 20 -86 -45 -90 -78 50 36 -94 -20 7 -93 3 -87 -3 21 33 -62 12 82 -16 58 -33 -17 -9 78 -34 76 63 16 34 92 8 69 43 -45 -93 3 -14 31 81 13 -35 -40 86 29 -95 -81 88 4 -20 -8 80 97 53 47 -75 -52 31 -44 7 18 34 -27 51 -64 -41 -12 57 40 95 76 -93 85 51 -6 78 80 71 -42 5 100 22 -16 59 57 -63 -38 83 21 -18 -19 -40 -64 -28 -95 -7 -32 -87 76 17 -14 9 10 1 26 -77 95 -8 30
36 66 17 87 67 -45 -36 -42 -66 -13 91 -79 24 -64 87 6 48 77 57 83 84 -38 -56 -38 85 -17 40 100 -59 -61 -35 -10 31 -38 17 -14 87 57 40 63 -54 -1 11 -80 12 17 -84 -64 -5 75 22 -14 63 -73 -62 -77 45 28 30 49 6 66 -48 -70 -22 -89 -100 -75 -89 36 58 -79 -91 78 -61 -25 93 -12 50 -35 93 29 -34 -48 48 -27 37 10 99 -95 98 57 38 -60 -42 32 -11 91 41 6 89 20 70 86 1 26 -74 -80 -35 -4 -47 36 -68 47 -75 -22 -26 65 -91 -45 -2 -4 -79 -7 -19 -48 -38 -32 99 27 49 69 -47 75 -10 -16 -33 84 6 7 52 -94 66 100 -80
7 -86 31 26 -60 -71 61 -5 -66 -58 62 62 72 81 -91 3 75 5 87 52 64 22 16 81 -95 12 62 -71 32 66 95 54 -68 -37 -35 -82 80 2 -82 -96 -100 -44 20 -7 -95 -89 67 -96 -45 -61 -48 -53 47 -62 -90 -32 62 -46 9 91 81 65 -64 13 33 69 48 21 35 93 79 80 -49 -68 64 51 21 -38 77 40 -13 34 17 90 0 18 10 9 -56 44 82 20 -53 75 -26 -51 36 -14 73 -7 -28 -16 64 70 94 -24 -28 -30 -57 50 49 -4 57 -97 95 76 47 -67 -51 -31 38 -13 -79 -84 -78 12 97 -82 -39 19 -26 -16 81 -77 -91 43 37 15 -38 -96 87 55 -87 59
-57 46 36 -43 70 -80 30 34 77 -81 -99 -100 70 -4 89 12 88 12 -42 75 -74 100 -12 -63 61 -16 -64 25 -73 65 -77 13 26 -48 80 -56 62 27 35 29 86 100 8 32 -95 -30 31 88 32 -77 10 -5 -46 9 -60 -69 -74 -27 -7 94 -51 59 -41 99 37 20 19 -16 -47 -63 -28 -65 -100 36 89 -45 -92 -82 78 15 57 77 67 -89 -77 60 -71 -21 19 -26 90 -91 91 76 27 -76 2 -72 79 -96 -78 69 -64 30 64 14 -20 86 -53 7 2 2 47 58 23 -22 -34 -28 -45 74 -74 12 81 87 -96 3 -91 19 35 -55 -51 10 -24 36 -80 11 77 87 -4 -43 93 98 95
95 -64 82 35 -68 43 83 -68 30 50 54 40 -16 -7 -27 -7 63 3 51 95 46 88 -30 24 -60 45 -47 -75 56 96 -52 -47 -96 5 46 34 99 -45 27 7 68 -50 29 -79 -73 53 58 -37 37 -92 99 -77 -63 -18 37 53 36 -39 -65 45 98 73 -91 55 90 83 -70 57 88 -11 61 -41 -56 58 -17 55 -16 -6 49 69 41 -5 30 100 -32 75 -20 98 -79 75 72 2 -70 -48 38 95 -27 -28 -76 45 69 68 30 69 -75 81 -2 77 -70 78 -4 56 56 77 -17 5 -45 12 -89 60 5 -84 -9 -42 -77 70 -71 -41 -75 -44 22 99 -78 -92 -82 34 75 100 -19 -17 40 58
4 77 -76 -50 -85 -23 12 -34 94 -41 51 63 41 -15 22 24 -97 -65 -52 66 -12 -66 -21 0 99 -37 81 -27 62 -26 97 -1 -9 -92 99 -51 76 89 26 73 42 87 34 -83 -62 50 -93 61 52 21 78 12 82 41 26 -55 -19 -30 94 41 -87 1 -70 33 -70 -21 26 -51 -89 -92 72 35 51 -50 56 36 88 -56 -59 95 19 -63 -77 97 -75 47 10 41 91 -25 83 -14 -61 40 -40 -37 94 66 -26 -30 6 -25 -91 16 53 74 1 -82 -54 64 32 60 67 -50 -18 88 -46 -34 -29 52 19 -93 44 26 -95 12 30 14 -32 -45 -80 73 -4 -78 -31 -76 -59 18 23 -39 -68
68 15 -97 89 84 -21 31 90 17 -21 5 -51 64 44 7 -94 24 -91 51 80 -88 26 7 -38 -24 59 29 -70 -60 -14 -79 41 7 -27 38 -1 -2 -60 -99 -15 -32 -3 95 17 83 -30 -22 91 66 86 30 -99 -35 -68 9 40 76 22 -69 98 -97 38 40 30 -92 -27 81 -74 3 -65 5 83 -100 -3 11 -58 58 13 53 -99 -24 72 -34 87 22 16 21 82 48 -55 46 -9 -23 -82 46 12 35 13 42 10 -3 29 9 -73 34 7 -70 -26 28 47 -75 -70 53 -70 100 -78 83 -79 92 -68 -79 88 -97 -94 80 57 56 79 -37 -93 -58 -29 28 -38 -64 -95 -43 -64 85 60
90 98 -65 -35 65 -16 70 60 17 85 -82 51 -41 -82 -11 -19 -85 -47 93 21 -86 -76 -30 -66 -64 73 9 49 29 -37 -100 16 11 -38 6 -71 2 -92 3 61 -9 31 -78 -23 -54 85 40 -53 -19 28 -1 -66 18 -71 81 -80 -93 -78 -95 50 29 98 67 87 61 60 -60 -41 33 53 -80 -1 88 2 -94 -15 -92 -46 -34 45 50 73 -60 83 -56 14 63 -19 72 80 -86 -11 30 25 55 -82 -69 -98 -32 -34 -41 -72 41 85 -12 -16 24 -78 53 84 6 -45 10 -61 83 98 32 70 20 -48 54 -93 73 59 -62 -61 18 -68 -2 -98 37 55 -96 11 58 69 -28 82 97
-9 2 -50 70 -77 -99 73 -94 -36 -73 69 78 85 -51 52 91 -91 53 44 90 -64 34 63 58 70 -51 -26 74 22 53 60 90 38 50 75 -72 43 34 43 -65 48 54 69 -17 25 -64 -60 42 18 -87 -34 65 -80 -66 -35 -6 -77 46 -31 84 -26 -25 -30 -55 95 -39 -80 69 56 -17 93 92 -98 48 -68 85 76 65 -80 -35 -46 1 -2 -71 -76 33 100 -41 -22 -11 -52 -5 -28 -97 6 -54 24 89 83 -61 21 22 -71 78 -38 -10 -39 -70 -30 82 7 75 -93 -15 6 31 -81 3 -91 4 22 97 90 -4 -38 -17 57 63 37 58 -53 -71 -82 -51 1 62 -55 0
58 91 -20 72 -24 57 -41 0 65 -38 93 63 97 79 -18 -44 -98 -76 5 59 42 -81 -33 -5 11 82 44 2 13 -5 71 -71 -14 32 66 -14 87 87 1 17 74 -69 57 41 84 52 -19 -18 75 78 22 -55 96 -31 79 78 71 37 60 -17 87 21 -45 -29 -83 -23 -32 -36 -93 -75 95 -9 -38 35 -13 -8 27 97 57 -78 32 89 -60 87 85 -43 5 -59 85 -60 -61 83 38 86 42 47 79 -13 -97 -20 -67 -56 -57 -44 33 69 -57 84 -87 50 -64 -21 -46 19 -64 33 100 21 37 -22 -64 78 27 97 -63 74 1 -18 -99 59 8 24 74 74 55 -58 -57
46 25 -68 6 66 -90 91 -6 -32 -44 -6 39 -79 79 -20 13 -11 90 -8 56 58 -28 63 78 -60 -85 22 -1 65 -70 88 62 10 -72 -89 -71 20 -35 1 79 -61 -74 -74 12 74 53 73 -19 82 96 90 -77 1 -99 51 48 22 -67 -87 26 -28 39 54 86 -95 63 34 -7 -93 76 94 -62 -39 -4 11 -35 -33 45 -96 26 -59 89 -88 -22 -16 -34 46 76 -65 67 -2 -9 -88 86 95 -25 -41 -52 84 -91 -92 -41 -85 -64 43 -69 12 18 -80 -58 -64 2 -15 0 90 -81 30 -82 28 59 75 -50 24 -34 24 74 -57 10 73 -19 34 -63 38 -20 43 -87
66 -11 -14 -98 -46 -66 -58 94 -89 93 -7 77 60 -37 -38 -33 14 -99 -22 74 -67 -56 67 -53 -76 -34 -19 41 -30 88 -63 59 75 -77 52 65 -61 41 -65 -13 -9 -27 -94 -96 88 -97 20 19 12 83 -40 28 4 -91 -82 -2 -92 56 64 -24 60 23 -43 79 15 -41 -17 70 42 100 -85 -40 28 64 -71 -46 -37 -12 -29 -63 -31 -28 98 -18 -16 -74 -89 -47 1 24 48 -52 -54 54 14 -30 20 59 -100 4 -44 84 -77 -93 -4 31 -93 68 51 -28 65 35 54 97 8 42 -17 -8 -10 -64 74 -76 39 53 -69 34 -79 -84 -68 -42 -18 -49 5 -52 -10
61 -63 -25 -43 -50 93 -18 -35 2 60 19 -39 -69 -63 -36 -36 -16 -56 -14 69 -58 80 28 83 21 4 56 -24 41 -40 -41 -90 -23 19 80 53 25 42 -33 90 -33 56 -12 -58 48 -53 -10 72 92 -51 -64 74 -71 -4 -57 -48 -79 -15 -13 62 -70 -7 54 17 -80 29 -79 91 24 -27 -15 5 -4 -77 -74 30 -15 -86 58 90 82 64 -35 6 17 -89 90 -49 -96 -2 -84 -87 15 -28 30 -87 -29 2 -97 -75 -87 -43 -5 -97 63 -63 3 28 79 -27 -36 26 18 3 -55 40 -66 -33 63 -79 -21 64 49 33 47 44 87 -47 -68 32 -42 46 85 -64
19 4 37 74 -30 -74 -14 -32 81 -81 76 -67 -21 27 -70 -31 23 -76 -68 19 13 43 12 -24 -22 -14 48 -100 -75 36 26 74 1 -18 -48 47 -94 -27 -7 29 99 93 -44 66 28 32 19 2 -32 53 -91 -23 -6 37 71 38 -88 -57 8 -32 -9 65 50 -90 -99 -80 88 -84 -1 -2 91 41 -4 -49 63 86 16 -53 46 100 79 -39 85 -83 9 74 84 94 -7 -1 43 72 98 -53 49 61 -5 -70 58 77 47 -11 -63 -47 -88 -39 18 -44 55 -35 -18 5 56 -74 38 52 -72 -86 99 -56 97 -41 -8 -81 -5 -72 -5 50 68 1 -82 93 -63
-33 51 -39 -62 -65 -92 -37 -14 -93 -61 23 88 40 -90 -50 60 -41 97 15 -70 30 -80 -98 -73 65 56 -76 76 25 98 -99 94 -96 87 50 -80 78 -67 -32 -90 56 -87 -52 -83 -19 21 -47 -23 10 -44 -100 96 96 -80 79 16 10 -6 26 -54 -61 -28 82 -61 80 37 -20 0 -69 -43 20 -58 57 -94 -56 -1 84 70 -23 -71 -45 -82 -44 52 -28 -46 79 3 -98 88 -5 -57 33 -78 -99 70 -4 -35 53 -100 95 -34 -40 -2 45 41 47 -46 -80 21 -65 -15 11 -4 -29 64 -20 -40 -75 78 27 13 5 -95 53 -42 -50 24 61 7 17 100
4 91 -6 -49 35 -62 -74 33 -10 -48 -93 -53 -85 9 -19 55 -78 88 33 -81 -13 29 -34 -49 77 15 58 23 30 -4 74 79 65 -9 30 7 81 -37 75 49 -31 -4 -17 -94 34 -38 -33 62 -66 40 74 37 88 -67 -59 90 63 35 -91 11 -38 -28 30 -95 88 50 51 85 92 81 36 -63 79 -27 -15 32 38 8 98 60 18 -74 -44 -55 -53 77 38 -22 -63 -64 -26 -42 99 -84 30 -37 35 -57 -76 70 -90 72 -76 72 -75 -45 72 -26 -91 -12 67 -28 -37 99 39 -6 46 74 29 86 -13 94 -27 -78 12 54 34 51 35 -72 -44
72 85 49 19 43 21 -36 65 -42 -96 31 21 -19 53 21 66 -33 8 -40 -83 85 45 95 -18 98 -57 -4 74 -39 33 69 -29 10 -44 -33 -75 21 0 -77 -11 -86 48 -77 42 -56 53 58 96 30 44 -63 -64 8 71 5 -98 71 15 -62 15 43 -79 -9 -40 93 28 -19 30 27 -42 -58 -92 -36 -77 23 -30 13 -10 -16 -54 18 -57 33 67 40 45 38 -66 -35 -26 -11 -54 91 -21 -84 -96 90 -68 20 36 -41 92 88 -34 93 -96 -37 -93 -38 -70 -61 -60 69 -18 -51 9 40 -46 -89 34 -35 -84 98 -92 -70 20 97 -86 -95 39
86 65 45 26 24 -43 -20 28 8 -47 -1 84 89 -54 41 60 -100 28 -54 94 28 82 -86 16 100 -49 -46 4 41 89 -94 -31 16 -54 -75 -61 -21 -85 -79 91 61 -93 39 69 -30 64 33 92 -25 -10 75 -33 7 59 84 -30 67 -23 46 88 -40 74 11 -98 -57 -19 -89 37 68 37 26 -100 -32 -81 -80 67 -60 -81 -14 -77 -92 78 -37 89 -2 -46 24 86 31 63 56 83 -10 37 -10 7 -14 -92 68 10 -87 99 15 72 -86 -37 -26 -89 -37 -17 89 37 -15 -37 -76 -15 100 58 -67 23 99 59 88 -43 -70 54 21 91 16
-43 -90 -19 -28 17 86 99 69 -33 -48 -12 -40 89 -84 49 -52 12 -48 -75 51 -81 -3 17 53 30 11 83 11 -4 85 -35 53 -4 -38 47 -32 -14 11 -74 -35 -30 88 71 -15 100 -9 91 70 -45 64 24 -80 -82 -65 58 38 -11 -95 3 -87 85 -18 -25 29 97 -95 35 97 18 -52 -40 -61 89 90 57 89 -84 76 -34 85 -81 7 -25 23 -80 81 87 53 93 -79 70 -40 -10 -95 -8 -38 30 62 -83 -89 -22 87 48 -49 64 -83 -81 -28 75 -37 73 74 -100 39 59 -100 87 51 73 72 88 -5 -34 35 5 -67 5 -82
90 73 62 -39 35 54 55 -99 72 -14 42 -96 76 54 -72 66 -35 -77 -77 83 -91 -65 -53 91 -53 -10 -12 -62 77 33 9 35 -54 -72 -39 9 -4 11 65 42 79 -58 33 -71 -25 34 61 34 -35 70 -4 -18 26 39 -32 -43 45 14 -61 75 72 30 80 -31 50 65 16 -48 -57 -57 60 -46 -15 -27 33 21 -43 -58 -5 -49 69 45 67 55 -64 38 90 -90 -5 57 -44 -63 -50 94 7 77 34 52 -80 -48 69 65 -3 -38 2 56 74 67 3 -95 -49 -36 -51 41 15 1 49 -30 -37 41 -45 95 -1 -97 -97 -19 52
12 68 59 -6 -42 93 19 96 73 -92 -40 -35 42 -5 -63 69 -57 82 -16 19 -44 18 82 19 52 -34 -48 74 -44 -21 22 -9 -57 22 87 -75 -72 93 -78 61 30 -56 -98 8 -75 -78 72 -87 41 95 -53 -55 -85 -64 -92 -30 -13 18 -14 24 7 57 -26 1 10 16 -68 62 -21 95 14 97 5 -70 -71 84 4 69 23 -61 89 15 -78 -75 46 -89 -45 -36 84 15 88 -8 -94 -22 -10 60 -56 -40 61 41 9 -95 -27 -48 -38 47 -96 32 -95 50 81 65 94 -100 84 -85 88 88 81 -45 -86 -47 -39 41 -69 -21
45 -50 -61 23 -33 65 -18 94 13 14 -26 31 -100 25 0 -65 -85 95 -88 -95 -99 89 72 -88 18 45 85 -31 22 -61 11 -42 -36 -18 -76 -80 42 -22 41 46 -47 37 -5 -7 -65 -26 -92 46 5 62 -70 -5 -93 49 -45 -34 -61 91 -91 -22 -78 3 -14 74 -80 -20 43 -35 8 89 43 -89 -77 -96 62 7 80 75 -36 73 46 87 58 31 -57 45 25 74 -98 47 -44 -40 51 -16 86 33 -90 96 68 22 75 -84 76 3 -34 82 6 20 7 37 97 19 -51 -94 -26 -95 -70 -46 -33 31 66 42 -100 15 17
-51 -39 49 -2 84 6 31 4 80 87 97 59 47 5 -79 -42 -37 40 61 -88 -32 0 -40 -18 -34 67 -65 65 52 -45 7 -52 -55 29 43 -49 4 -41 23 -15 2 -89 -3 82 91 -88 3 -68 49 -5 99 84 34 67 -65 97 13 -30 -55 -32 -49 -74 8 -3 -19 10 -57 25 42 91 -85 55 25 -14 -75 -4 18 -26 25 -48 -12 72 88 54 52 -81 -47 -63 95 -53 36 -91 56 -34 43 -71 63 -94 -36 -95 44 68 81 94 40 -22 63 -96 76 -67 55 -50 2 -38 -72 53 59 -37 28 1 -46 88 34 -80
-51 -1 -36 73 96 57 -25 -64 -10 80 49 -17 40 34 61 62 -9 40 -36 45 8 -64 83 -76 -60 97 -16 62 46 -22 64 29 16 9 -75 65 -92 26 -28 -76 -50 -42 -41 -89 70 -74 -70 -25 -6 -33 31 -1 46 -59 58 -60 -35 -16 -62 -84 -9 12 52 -48 32 -8 -24 -68 22 -29 13 -6 -32 -76 -4 9 -61 -35 55 -11 8 56 36 36 -72 52 -32 75 100 -50 1 50 -11 -51 38 -18 -7 -23 63 -14 -34 -14 -47 4 -49 88 77 -68 84 -79 -96 -99 -66 15 73 90 68 -5 55 -13 29 16 68
14 -57 90 -38 4 -76 -38 -77 20 -25 47 3 29 37 45 45 42 91 63 -52 -76 80 -66 -37 -29 -43 60 4 -49 -16 -99 59 -66 86 30 -2 -33 35 25 -38 -11 56 49 -91 49 -41 81 80 -55 78 24 -89 79 30 76 -45 96 26 -34 -44 82 -76 -79 -21 -43 -30 27 3 62 27 42 -86 35 25 -42 61 25 92 -10 12 72 65 91 -72 25 -51 -47 -72 -33 -93 -25 43 64 -34 14 -18 -74 94 -96 92 46 9 64 -40 -91 85 33 -89 65 35 95 11 -22 37 47 -66 44 37 -66 -32 -95 -96
82 -15 -79 -71 56 45 -23 -23 20 48 -16 -83 -100 28 6 71 -76 -75 -24 73 92 -83 -32 -81 2 42 49 98 -66 7 42 -42 -74 -81 28 -89 63 -56 34 -81 83 44 -83 -41 -5 -83 7 -71 5 99 -62 -92 55 -77 37 -51 -31 84 54 -65 26 -78 12 -40 -7 -50 -89 56 60 -71 3 -48 -63 -100 -48 56 48 -45 26 -66 -95 12 56 24 -80 71 -12 63 -85 100 28 0 29 -49 4 -53 76 -13 -60 87 -17 -3 46 -95 69 -12 48 -51 -96 -83 -54 -45 -31 96 -36 -15 -50 37 -60 -92 -53
-4 35 -56 -100 79 -6 -17 -89 -2 98 34 -100 -87 8 71 50 -65 37 77 -7 -55 -100 -81 -81 -53 40 -31 2 -93 32 -21 -11 35 55 -4 58 -69 97 61 -23 80 25 75 44 -48 26 -31 -90 -62 -3 -78 -36 25 13 14 31 4 -36 77 41 -69 -78 -16 -81 -46 79 -5 79 23 -81 -93 61 -74 40 -27 3 -45 -85 88 34 -86 -64 -36 -8 -3 43 77 -24 -93 11 -29 -46 -79 75 -15 -58 10 49 -85 -13 -32 89 -5 -80 -26 -45 -48 -81 -97 -32 46 -86 -26 75 93 -6 -72 36 2 -51
-97 -82 -63 50 -28 93 -16 46 -7 -73 -67 -89 47 34 36 -48 -14 -66 -25 71 -98 77 -22 14 11 -14 -15 -38 90 -71 36 -15 -89 -22 -84 100 -80 98 19 -50 53 89 89 -94 26 27 -45 -64 46 1 -47 -76 28 -98 -7 -23 50 85 100 -3 20 -43 -78 19 -50 -76 -68 63 69 -1 4 -25 -35 46 31 77 17 -18 -57 50 13 -45 6 -95 -22 13 59 -14 81 7 18 62 18 97 -14 -60 9 -92 79 22 -97 23 -9 56 -1 -97 90 -68 -82 76 12 31 -5 0 -72 -92 83 -71 87
42 -10 30 -87 -69 10 -44 -16 -2 38 -28 -4 59 -34 87 -50 21 -63 -100 83 40 45 93 -48 -55 -4 86 -87 -80 -1 -68 -27 -78 19 -28 -6 -32 -65 76 -90 -15 21 -90 -20 -98 -15 -7 29 63 5 19 -38 17 13 -1 -67 -71 73 -96 34 -69 59 82 46 -10 -63 -12 -56 72 56 -70 6 9 53 93 -43 -91 -83 -16 11 44 -58 94 -94 0 -32 58 -86 39 -46 -83 -20 -55 -91 -30 68 38 60 84 58 74 -47 44 2 -85 15 36 67 49 -13 77 -47 9 57 -5 84 42 -2
62 79 -73 -44 -56 14 100 -92 7 82 -83 1 77 64 -43 27 -97 -25 -79 -11 44 -2 72 76 57 -87 -14 -60 -11 72 28 9 63 -25 42 -58 -96 -67 -84 61 -22 46 -76 44 95 44 3 17 -82 65 91 -19 -1 22 19 99 -72 44 -7 -32 32 -66 -38 -93 -91 -70 -99 -46 70 -80 38 -1 88 -87 84 6 41 66 -88 -18 94 -82 84 -74 -38 -77 -19 75 21 99 -76 -19 67 91 95 -64 86 25 77 67 -49 -4 97 42 -31 90 -14 -83 -10 47 66 99 -43 7 23 -5 40
41 -74 -33 82 -34 28 -19 -59 48 94 9 -94 -68 27 -98 33 -52 -27 -96 70 -48 27 1 -7 -36 65 -9 37 -57 -28 1 -41 -6 -6 91 -72 0 -24 -52 -50 31 28 -45 22 48 9 48 4 -89 47 55 -61 23 5 86 13 73 -1 100 -55 66 -42 -63 32 28 -63 99 8 -6 12 -59 5 39 -73 -48 -44 18 -47 78 2 31 5 52 70 38 80 93 9 3 -13 29 -64 50 -49 8 53 -36 78 -1 93 9 -45 6 -95 -45 -80 68 -42 87 -42 15 80 12 -69 9 85
48 -20 -76 86 27 -39 -53 61 62 -82 76 -10 -76 41 -57 -16 15 0 -51 -66 -13 -67 -27 -79 -8 -79 -62 -54 -20 -11 -89 12 -84 -97 55 -27 17 -85 92 2 -50 66 -35 5 5 -16 95 6 -52 48 -92 73 1 43 -33 -59 25 89 23 36 46 91 79 -53 -27 79 35 81 47 -77 -4 5 -51 22 -61 -47 -61 16 -26 -26 -5 83 -13 99 65 91 63 82 2 22 97 59 -84 5 -55 -93 -56 -17 -11 -93 -46 85 -70 -75 -63 -78 2 39 -3 -95 7 34 92 -46 6
-24 -80 -29 13 -37 96 -25 72 -8 39 -7 38 52 87 -100 60 -46 -48 70 -17 57 -56 -70 -22 -50 56 -15 -100 5 -31 99 20 44 -51 -85 9 -89 -83 -69 94 31 -24 -62 79 52 98 -78 45 -72 79 50 83 -21 11 50 -58 -98 -61 -15 -90 -93 -22 -54 33 68 50 65 84 -64 94 40 94 -10 -20 17 -40 -82 67 -6 -75 -42 -47 86 75 62 3 83 1 -77 -37 -56 100 65 -3 -36 -25 -92 -75 -14 93 77 6 -29 41 -26 17 24 -78 -94 -38 -41 -83 -40 -23
-18 45 -8 29 -84 -71 -95 -57 -46 -89 21 54 -3 92 -27 73 -38 9 36 -43 -70 56 26 68 29 87 -34 44 -21 -59 8 -29 61 -98 -21 58 77 -8 55 50 -6 -25 3 96 89 86 -100 57 71 -96 18 52 84 -92 61 -42 25 -37 -17 -42 79 -79 58 80 28 28 8 67 27 18 47 77 -77 -75 87 -19 8 69 3 85 100 -50 -94 25 -49 -53 57 -33 -62 -51 76 -49 48 54 70 -21 -22 52 42 38 -26 57 22 -21 6 44 25 64 -84 -27 -77 49 -17
-99 92 -79 29 -60 35 -44 80 2 -51 76 42 99 -60 42 -26 -43 73 25 -54 -36 -50 30 91 -22 77 93 66 -97 25 -92 39 25 -48 70 -4 -33 -31 42 53 -92 -14 -10 -11 99 22 85 -78 -64 -19 83 -19 51 -90 44 -44 -72 12 -2 -67 -22 -2 99 -94 -73 49 -62 76 -27 26 43 -95 9 -13 28 7 -54 -90 75 54 87 51 -20 9 6 -57 95 67 -42 -91 -7 -26 14 -72 -77 -1 -6 -96 -87 90 5 -68 20 58 28 60 19 28 4 -56 0 23
-69 -7 79 36 87 29 44 -31 85 97 72 -69 44 -89 -6 20 85 63 -26 -95 34 97 -100 80 52 -36 21 -14 88 84 -26 17 -96 -95 -90 -77 32 0 -78 -77 84 38 49 -100 -79 -91 -87 -55 17 -38 1 -95 60 34 -89 -46 27 -25 57 11 39 8 9 -2 85 -10 38 89 -78 80 -4 59 -43 -8 25 -70 54 -12 86 -10 46 63 -40 23 -36 -8 43 -48 27 -34 85 -35 -67 -28 90 -59 -85 64 -45 -54 -97 -48 -91 -55 92 -27 49 -37 -91 -87 92
-61 -33 -5 -65 -93 97 61 -96 -14 -19 82 -14 30 -29 -66 41 19 35 -69 60 -62 -1 46 73 -53 -5 -21 72 -62 -30 -23 97 42 -13 78 28 34 -53 -42 -22 -31 -85 -75 58 -54 -41 -67 -46 -21 60 35 -93 -81 67 -49 -58 59 82 -61 26 -78 21 -73 38 31 98 86 -66 -64 63 58 -46 -37 27 17 61 -20 80 -70 -64 66 -47 6 -14 -96 -75 100 49 -6 -72 -44 -30 -32 41 41 31 18 -57 -31 52 58 96 -51 75 -99 65 -34 89 -98 -30
20 61 -64 -86 47 17 -24 69 15 -36 -51 41 -36 -99 -65 -66 -41 93 -66 -50 -22 40 62 58 -26 -56 71 -83 -32 25 2 -4 98 80 -59 49 55 48 96 62 -61 40 72 -62 74 -51 -19 -83 -92 70 -29 95 -34 -69 -16 27 -75 46 -95 -11 -84 5 -37 4 0 -92 -2 13 28 -92 -64 59 48 79 100 -40 61 2 37 -11 -83 54 -16 -42 18 61 77 36 -24 81 40 -84 78 86 -70 44 -99 -38 -85 -100 -83 21 90 79 27 -11 90 74 -80
44 -69 -75 3 -91 65 -68 25 -18 6 -6 62 19 -85 -90 64 5 84 -60 -94 71 -45 -94 -55 95 -58 -58 -57 76 32 19 23 -87 -55 93 94 98 69 -32 -10 -94 -51 -74 -40 28 -20 42 39 79 25 -69 -78 -7 6 -73 84 93 75 32 42 49 -61 11 -71 -93 -100 -52 -30 92 -82 23 -54 -37 85 -92 91 -94 -81 -71 -71 -53 -94 -72 -1 -79 85 88 -53 55 15 90 0 63 41 -28 11 98 -96 -11 60 80 -33 -35 88 14 22 22 -1
-40 -25 -95 -91 49 -51 24 -77 -25 97 -36 37 -21 66 -63 93 -57 -50 67 -44 -7 -79 84 15 -46 97 72 -65 -31 57 -45 -98 -69 83 27 -92 -44 27 -61 -8 60 -100 96 44 38 -66 -26 9 47 7 -80 61 23 -25 -37 1 -86 -59 37 -14 37 -9 32 51 96 -8 45 -36 11 -95 -78 60 36 -44 -64 9 -56 87 71 98 -76 33 41 23 57 72 67 -98 53 8 39 32 -45 75 -11 92 0 63 -89 25 10 76 10 26 90 42 -76
-27 -98 71 -41 8 -44 -83 -94 -24 -78 40 -17 14 98 79 -68 -4 51 26 -34 -85 79 30 13 53 -35 77 -62 -57 -21 -70 25 36 -44 -73 52 -66 17 87 13 89 56 28 -18 -89 75 -35 -68 47 94 9 -76 -6 47 29 -18 60 36 72 62 2 -27 46 -70 44 -33 19 51 73 94 -19 -7 42 37 -80 68 -21 -1 -11 17 70 78 -4 55 -57 20 12 -97 20 74 94 26 -1 52 -90 54 83 -43 -81 98 -100 -52 -75 -80 -4 -22
-28 -66 -60 54 66 -4 3 67 -84 95 10 89 78 -45 -14 -57 1 -57 3 -57 14 -41 -56 -25 95 24 -84 75 -86 1 -23 -59 42 -92 -23 -9 -36 39 -93 82 12 2 40 12 -4 -44 92 4 8 86 63 16 20 -94 65 54 33 100 100 37 -18 -72 -70 75 -91 56 9 16 -3 -82 68 -96 47 76 20 37 93 -21 -92 79 -42 71 19 30 -33 30 -92 -100 67 18 22 -35 89 68 -89 37 -51 -28 14 -52 96 -34 89 81 51
-41 -24 -77 -21 -47 17 -42 -99 -68 94 -69 78 -57 97 -44 -98 -3 56 -91 -71 -72 -49 -6 63 -5 -9 -63 -16 -20 -98 91 27 29 44 -17 -88 77 87 -80 -70 -76 68 -81 4 -58 -56 -7 -89 -84 -46 -47 -12 82 30 63 75 18 52 8 -26 0 42 -53 9 60 -9 -51 -15 12 -41 -65 -84 -53 -20 44 -46 76 -30 -18 29 -41 -92 54 -82 -88 -76 -43 -19 -21 38 12 34 29 -53 -93 98 60 -97 -71 -85 -65 -41 14 35
-65 52 -80 -80 63 64 62 -2 51 -57 -61 94 -97 44 34 -66 -100 -79 16 -8 85 69 80 65 98 -34 84 63 -3 -58 -57 23 45 98 -16 65 -23 -30 -33 -56 -62 32 -8 -70 45 20 -92 88 67 58 -84 -12 -23 -48 49 73 94 44 -43 53 -17 66 87 75 -78 89 99 -17 82 -53 55 -47 -92 45 -78 -56 -74 -37 31 80 38 -63 61 27 7 -13 7 -97 -41 88 -11 80 -96 16 75 -23 -76 86 45 -82 76 -40 -89
79 -49 -29 48 90 55 72 13 23 -18 -51 47 -71 88 -4 65 71 -45 21 -42 69 97 -74 -68 -99 -59 20 71 89 -13 -46 50 -33 72 -76 90 -77 -87 75 50 85 -87 0 -82 -21 -84 4 -23 -58 10 53 4 -66 76 -48 -77 79 -43 -39 25 6 35 -55 92 -61 -81 59 -53 -32 -65 64 72 32 -63 38 -22 91 -40 62 -70 -88 -76 -2 -50 33 -50 30 55 -6 -31 -43 10 82 -99 -82 -79 -66 -30 67 4 -15 64
-95 -50 37 15 -74 15 -61 80 36 71 -72 -43 -75 33 -89 -75 82 40 -86 -56 -60 -14 55 27 -39 41 35 51 -58 -64 -23 -81 -40 -59 -56 -27 -28 -59 -66 -71 -41 19 -84 -55 49 73 -88 -33 29 -18 -46 85 8 -23 94 36 -63 39 -71 -21 -2 28 -87 -15 -9 34 30 39 -100 36 84 -97 28 -28 -76 -42 -84 -11 -21 -19 -62 79 -36 36 -9 65 -89 -24 -61 -15 -72 67 -3 -34 -55 11 22 84 45 16 -22
-76 93 77 33 -54 98 36 -65 40 -40 -91 -78 23 6 -36 -18 -11 19 79 -21 92 35 -91 7 97 -56 33 78 91 -85 -69 -74 7 -67 -17 -64 -12 57 68 20 29 -52 61 8 -49 43 -3 31 -95 4 88 89 -79 67 77 49 3 -22 -98 -48 -92 -11 87 29 49 77 -5 -38 11 61 61 76 79 19 35 90 96 -45 -50 -58 -31 51 -51 -37 56 -3 86 -75 89 98 -85 -11 -85 12 -19 28 62 -20 10 -89
39 -71 -77 -92 27 -61 46 71 -24 42 -50 83 -90 -37 -10 -20 -51 37 50 59 87 47 78 -63 24 -1 -86 -16 34 36 1 47 -13 -13 38 -47 57 75 11 69 -87 -99 65 -69 -43 -70 94 -94 -92 90 -96 78 20 34 74 24 59 -36 -60 -11 -24 20 -9 -28 -81 70 -53 39 -5 -81 60 15 6 39 35 -96 -5 4 -80 66 -19 9 84 -91 88 86 19 -21 -61 -42 -45 -6 91 -43 -43 68 -82 -6 -80
-33 -48 78 -50 -45 93 42 -5 14 87 98 -28 7 -77 33 -53 -18 -53 12 90 -80 -73 -95 39 -44 12 -60 36 -36 70 -49 -55 71 -26 -90 -98 60 41 -20 -51 -25 68 -80 -53 -71 -95 80 47 50 -26 74 -22 -53 -71 28 20 -37 18 36 -64 -90 56 -12 -72 -71 24 -50 -12 -90 75 -35 3 -91 41 -17 19 -78 -89 52 -2 52 45 26 93 91 38 -44 74 -87 -8 -78 -83 90 24 -36 -56 -1 -19
0 -57 78 41 -90 42 83 -2 -14 52 98 7 12 -23 70 -54 -98 38 46 -41 -15 37 39 2 47 -58 7 -9 -70 10 -9 75 -30 30 66 -29 -17 70 14 28 -92 84 -29 -60 31 91 69 59 -24 -24 6 29 -80 74 91 83 17 -66 36 46 -66 -41 -41 4 59 -83 90 100 21 -61 -95 -38 9 -73 96 -94 -55 -85 84 -87 -83 -80 31 -72 94 -52 35 87 -74 42 23 -9 63 11 -21 41 74
42 -35 66 15 -91 3 69 61 95 -38 11 87 -69 -75 -65 -82 5 -38 26 90 -81 25 68 -50 -93 92 0 -74 -46 24 -39 -40 58 32 -37 88 -49 -51 83 -98 -67 40 -57 -10 -9 37 97 37 -10 -23 15 -56 -76 -36 -57 98 -69 93 11 44 1 58 91 39 44 73 21 94 87 -12 -65 -75 98 -30 -97 20 -80 -37 57 -73 -56 8 -86 38 -53 -13 -40 28 -58 -3 -82 -53 -52 -67 13 -63
1 79 -61 -31 75 75 -30 4 90 50 45 5 38 -85 11 21 -46 66 62 -80 76 -77 91 38 -59 -83 -31 17 1 21 35 100 -26 -92 -66 -96 -24 -7 -6 24 -65 98 -39 -33 96 -79 -73 2 -70 79 55 -26 -4 -65 42 -35 -23 -90 43 -6 73 98 76 9 -61 -30 -98 -64 11 -5 -57 -9 -61 -97 -28 -99 42 64 -68 -100 33 -47 -64 24 -99 22 92 49 32 34 -54 5 -32 -69 -80
83 -36 66 -34 94 70 -54 62 -86 -75 -79 38 -55 8 -86 -8 -39 -48 -86 -22 42 -48 -83 -9 -37 -59 68 98 79 -1 -82 -40 -11 -47 46 -5 -68 86 -43 44 18 91 -52 81 60 -11 -19 -67 -98 63 55 -48 -25 76 -88 71 -96 -80 64 -77 -83 -5 30 88 -53 57 -41 -77 99 -75 84 -67 -40 25 22 60 31 -53 -5 88 -15 54 64 48 75 59 37 95 99 4 65 67 98 84
21 93 45 30 63 -52 -11 -43 -31 29 -41 83 -70 74 -64 -59 76 -83 -93 14 -81 -11 -32 -88 66 -68 48 42 16 -100 65 34 95 45 62 28 52 -89 1 -31 74 -37 -59 -92 -34 -51 24 -33 -53 21 -78 -23 70 -67 42 5 78 45 -1 20 -71 -61 -33 -36 11 31 -99 -88 -37 63 -31 6 13 82 46 3 89 91 -23 -43 -51 8 -69 43 -34 54 91 37 89 -50 -43 -48 95
-85 64 -27 -53 -64 -27 -17 17 -47 -21 -50 24 -26 -48 64 -11 -49 -16 46 -58 -19 -44 61 -24 63 83 -10 63 -100 78 79 83 -8 -64 -36 83 -23 0 -7 -32 -27 62 -86 68 91 -30 82 45 -98 64 -75 72 -20 -60 -90 39 -91 44 -85 -95 46 12 28 35 -31 24 -47 -41 66 -38 81 -87 -13 -62 -54 54 -13 -50 -67 97 -90 61 22 0 -81 47 54 67 -18 -63 81 -31
25 84 26 -25 -57 -94 -41 61 58 -2 -34 -17 -69 56 -58 -34 68 -54 81 -76 9 11 -1 -98 -5 76 30 44 5 -5 26 20 -25 74 20 77 -72 -92 45 -7 -14 -41 70 88 92 34 -6 -90 73 91 -72 61 -70 75 -14 92 -18 20 68 -32 76 13 -40 68 84 -15 89 -79 1 47 67 -84 93 57 -9 -3 -57 -45 50 -23 6 14 3 -95 -41 59 -96 -65 -27 -70 -52
1 -38 9 -38 72 49 -82 -49 -10 -79 -24 92 -90 -63 0 42 -69 80 -69 -100 11 -54 -86 91 85 -58 87 -25 -57 70 -62 -38 -19 -85 -100 34 -12 49 -63 -62 -10 73 -62 19 0 23 30 -56 -49 98 35 99 -97 25 12 -98 79 -49 -100 90 -51 64 -84 75 12 -1 -80 97 78 41 62 -93 -59 -99 -66 31 75 -5 19 45 38 -39 25 21 94 8 34 41 26 -62
28 -72 72 29 15 -64 9 5 65 44 -26 -71 -29 -37 64 60 -13 64 66 10 58 21 6 -27 8 33 20 49 79 61 32 -38 62 -69 -5 -2 -54 -56 -77 10 -100 55 2 19 26 36 -85 75 -64 -19 83 -70 29 95 -40 -91 34 -96 -84 -18 -87 25 37 51 74 -80 -88 -85 -32 63 -100 26 -75 90 -1 -30 26 -47 66 -85 72 -84 19 -32 35 57 21 -90 -50
15 -50 -85 -89 2 37 21 -47 79 -87 -83 3 -83 -26 -67 38 -96 56 99 98 -13 -81 2 26 -41 -11 91 -63 -25 -69 -91 -94 42 98 -4 34 -54 -79 32 -81 7 -100 0 -46 45 53 84 14 86 -34 -75 -67 39 -95 1 50 73 65 6 17 -77 17 93 77 -43 -79 96 94 -22 -37 -55 5 18 -33 -26 9 52 6 68 -44 12 66 82 91 6 -34 62 2
56 -70 53 58 1 83 -53 -49 -72 77 83 78 -38 38 -52 9 75 -45 17 -56 -69 -16 -68 58 -53 -63 -67 -7 43 -18 -2 -71 -55 76 3 63 -56 46 -80 -33 46 -92 0 -58 -23 -52 58 -4 70 -57 -97 24 -99 3 -26 37 -49 73 -84 -79 -15 9 -24 72 -38 0 90 -81 -66 86 90 -6 59 -23 10 78 -40 73 8 -68 -20 -12 92 -55 -33 3 47
-89 28 -93 -58 51 -25 51 -54 -6 30 33 7 23 73 83 -42 93 4 -87 74 -42 51 -68 19 76 -9 2 -9 -23 -11 -70 -24 37 -36 -79 -1 43 78 35 -21 -88 95 -33 -7 14 -20 15 35 -1 99 -44 4 -38 93 5 -70 62 81 26 50 -95 44 100 74 -32 46 63 51 44 -75 -92 99 19 84 85 38 -16 -22 71 -8 -66 76 17 68 -58 -87
100 -63 -94 28 -75 -95 -40 -26 33 -77 48 7 36 53 -34 -78 50 22 8 62 -53 -41 -31 -45 27 31 -27 -70 49 2 -74 -17 -83 23 40 -72 -62 4 -2 28 -72 -41 93 5 -44 80 39 23 -23 -64 -46 -72 27 -55 -17 66 -68 97 -35 -33 -80 33 -44 13 -38 28 -100 6 -15 -22 15 -29 34 50 85 -36 87 44 10 -24 -52 47 -57 -7 -100
59 -23 17 -39 82 -11 -23 -8 -79 59 -90 87 78 50 82 57 91 -7 13 68 96 61 -89 -38 67 12 47 20 -31 29 -51 -51 80 -9 -52 73 -33 -77 58 -52 -40 -17 -89 -39 -82 79 60 98 41 62 55 35 19 61 -24 -28 -94 3 95 17 -41 10 8 54 -37 63 -63 50 -60 60 -10 66 58 -41 -51 26 -90 -37 82 56 -68 65 -28 14
-60 -62 -53 -51 39 -78 -100 37 2 75 -62 41 66 -20 85 1 73 -5 30 -13 30 -71 87 -66 -38 -69 -4 23 12 -92 -97 -30 -55 37 -36 -47 62 -58 19 -57 -16 -54 47 67 -71 42 33 49 100 35 27 93 -66 -80 -53 31 -4 -6 -46 -38 -37 -45 83 -45 -47 -47 -32 -42 72 -1 -84 -56 7 -66 83 -86 6 -7 70 -90 66 85 -32
64 57 82 -39 98 92 -78 -24 14 77 82 5 -96 -50 1 -72 51 -44 -64 74 -88 40 -36 54 -75 -8 -13 80 69 -64 93 85 -59 59 12 -55 12 22 73 -98 98 23 7 27 -99 -24 -62 71 92 82 5 17 -77 -84 49 35 -2 29 100 77 -65 -66 15 36 21 -74 -24 -7 16 71 -13 -1 -98 62 -89 48 -65 -16 49 -84 9 75
62 28 -76 -16 -28 70 -67 82 -23 45 99 21 -43 21 -49 20 -80 62 -14 -75 43 -33 90 -36 98 -41 20 40 27 -2 -18 -47 -8 -77 -71 -9 60 -36 85 -86 -25 6 30 71 5 -91 -74 -94 -52 -64 57 -10 -68 -41 -60 -13 -74 28 -29 -42 -96 77 81 99 46 -69 -57 55 24 -67 62 -72 22 74 2 -5 54 28 -83 -67 1
-66 -52 52 62 98 -8 39 -74 -14 43 -60 53 -14 88 10 29 -100 -48 -40 -76 58 -94 -19 -31 52 14 40 -71 55 -16 -5 37 -12 -27 39 -64 -37 -2 51 -99 58 -28 -17 -39 35 -6 53 -44 -94 -94 53 45 -2 14 88 32 -73 51 -59 -8 -63 90 84 38 20 -38 45 -75 61 40 36 63 -33 -10 71 31 -86 38 -65 -49
82 -90 -77 17 -22 55 5 -84 86 -96 -42 44 -3 -63 70 -35 -61 70 92 25 -15 -78 -7 95 25 62 -79 -58 55 55 -92 -79 -80 40 70 -45 100 -31 62 -39 -48 27 65 72 21 100 -73 6 9 30 59 46 47 55 -29 40 -62 61 63 -88 48 15 -95 32 -99 -18 -25 36 -7 -52 10 -38 97 14 -47 -44 81 -9 -46
68 17 14 34 -53 75 -4 -76 -31 32 67 75 -13 86 34 -11 32 -66 -97 28 89 29 31 -78 -89 53 -7 -70 59 -82 -91 26 96 -96 -19 58 -78 100 79 53 -80 75 -32 86 22 -79 17 -45 -67 29 99 46 21 -64 -98 63 89 93 -56 96 -88 96 -42 27 63 -93 48 66 -93 41 12 32 15 21 39 64 96 -48
36 -27 -87 -28 39 36 -12 48 -7 -8 -8 -17 -35 -1 -79 -73 95 -69 -57 27 -50 -53 -10 -33 -82 46 -28 18 55 64 40 71 -91 47 65 -81 65 -85 -74 15 83 75 4 -21 -39 46 -33 -49 -60 65 91 -49 43 96 -84 -27 76 39 54 -83 65 -50 86 -38 4 -64 -24 78 -51 -58 9 57 5 -26 7 49 -16
-48 0 82 -90 14 42 -81 48 -40 31 89 -71 -50 11 -56 -96 -84 -37 99 -60 99 62 61 -91 33 44 17 -42 50 54 -78 42 -11 -75 -13 -60 -31 -74 -67 -58 6 -27 -79 30 -60 -100 90 7 -50 31 -35 -100 23 -67 -92 -66 72 -17 50 -41 48 69 -91 -14 -3 42 18 -42 -87 -69 -47 -42 15 16 4 -97
59 -1 -91 15 2 -16 99 -77 32 78 94 -83 72 34 61 43 -5 23 93 29 -37 -55 29 7 58 53 -75 -41 -94 46 48 -16 37 24 -66 90 37 -50 -2 61 10 -34 -78 68 48 -28 -31 -61 6 -93 64 21 49 -19 -11 42 61 -31 87 64 -90 2 -24 -20 -33 -12 -94 -26 -40 -82 53 100 -72 48 -73
29 -4 84 -97 -99 -44 50 93 99 83 -11 -83 -66 -4 77 64 34 -68 67 54 87 -41 82 50 -61 -39 -82 -66 -42 5 76 -62 4 50 67 19 30 -67 64 61 37 -17 58 -32 57 -100 26 -84 -43 -78 -68 -4 -99 -72 62 -93 25 -65 44 51 -14 -57 18 28 23 19 13 -75 -86 -68 93 -32 -34 -22
7 -89 10 -46 51 93 -83 69 57 74 -97 -18 92 -29 -46 59 83 82 -37 -26 40 -33 -95 -59 45 6 14 -10 96 -73 -57 87 -43 -44 90 48 -26 17 29 -48 -27 -61 68 -37 75 44 -34 -23 35 9 14 96 -63 6 55 -8 -88 37 67 82 20 -82 -17 -97 -17 -56 56 54 -22 -66 100 80 31
-98 75 62 41 -38 -18 -33 17 -60 -39 33 12 82 39 92 -70 100 -44 33 96 77 75 87 -10 -26 52 92 49 14 -74 -49 33 -72 86 -81 -69 53 68 -92 11 64 29 -73 -48 -56 59 100 83 3 -95 45 -12 -41 7 38 44 55 -99 -79 -86 -16 -72 1 -95 -65 -48 -37 -9 -35 69 -18 -52
79 -44 -26 -12 -77 -80 27 63 -46 -56 93 6 -5 -58 36 -70 -49 64 100 97 3 -90 -97 54 -63 -5 99 -55 70 7 -41 49 -12 -68 47 -8 3 88 -7 -100 56 96 26 95 -8 5 -61 94 6 -58 15 53 55 45 -6 72 -49 -73 -43 -69 -76 75 67 33 34 -22 -98 56 -92 -7 70
88 67 95 -77 20 -25 15 -59 -64 30 -12 -96 23 94 4 -52 -42 85 -67 36 -65 -1 84 72 -65 -32 8 70 82 -98 -60 85 7 -12 -32 -74 -24 51 -12 -3 18 28 37 -16 87 40 81 -35 -77 22 47 -63 17 16 88 69 -95 4 -56 -43 49 32 -60 -23 49 -59 -11 -31 29 -80
-76 -42 45 17 85 26 -14 -17 -87 -51 -86 -10 45 50 10 7 62 -3 7 5 30 37 -22 44 -31 35 21 94 15 -93 -3 -99 77 3 65 32 86 -80 56 100 9 78 -31 22 23 -37 -64 -30 -61 3 -10 -95 37 -52 75 70 11 -77 39 -6 -84 -40 59 86 82 -77 60 65 -91
-13 0 27 33 -59 9 -53 66 41 -55 -97 97 -70 2 19 64 64 95 94 -60 39 71 37 -38 -16 -86 -80 -57 17 -27 -21 70 -18 87 20 -11 64 -6 54 27 -37 -15 -82 -66 -85 -64 52 -18 77 74 57 -35 -3 -8 -54 -7 63 85 -39 15 16 -89 26 -30 45 5 -55 -5
-80 39 11 -25 28 -7 -50 31 -86 -70 38 3 55 -17 -20 11 58 73 90 64 -70 58 -76 90 84 -1 -66 58 -18 59 -50 -13 -63 20 -46 63 85 -77 -19 35 -97 22 5 93 -31 93 60 99 48 -47 37 -87 -34 -44 20 -18 -92 -45 34 32 16 29 53 -83 27 -35 59
-40 62 68 25 -70 -18 93 -67 45 -71 -62 25 -97 58 32 48 59 48 71 -65 31 34 -88 24 22 49 -60 92 73 99 -96 48 8 23 -23 89 91 71 78 -30 35 64 -68 64 80 -53 67 -10 -95 -90 -43 99 73 -2 59 -23 42 29 -80 -70 71 65 64 -44 -11 -30
-9 59 67 93 19 -72 -60 0 -32 44 -73 -54 33 34 -59 -23 -77 -25 96 0 62 -67 -19 77 7 53 -10 -73 -25 41 99 97 82 4 -37 26 27 -84 56 41 61 56 -36 15 47 -7 60 47 -26 -17 65 51 -91 98 -45 -91 -98 3 -3 -21 97 -43 -72 2 -63
-4 -29 98 40 -94 75 -82 -51 51 -14 16 -88 -31 -38 -45 33 -28 98 58 61 -23 3 50 -33 50 92 91 79 -27 -60 41 -11 -19 21 -22 25 86 -17 91 -10 -88 51 -67 -48 100 -2 -54 4 -82 95 -4 81 -10 3 9 -20 82 82 45 74 33 74 49 66
35 34 -4 -78 -49 -72 -6 33 -1 -61 -90 95 60 31 -71 -95 -40 -98 -6 -79 -66 -87 -20 -71 -79 -53 50 -93 -51 4 29 -19 84 -96 -85 11 38 -14 54 65 -10 87 -45 36 24 98 -36 -24 48 -96 -55 -15 -81 96 80 68 -70 -1 78 4 38 87 96
-36 84 26 88 22 43 18 -53 -24 -7 -42 4 -11 -85 59 93 -62 29 63 -48 -21 -96 -76 59 -6 -49 77 64 -42 -85 30 -28 -60 76 64 11 -53 13 91 -93 34 98 -66 21 57 -53 -13 22 -63 -49 48 72 -5 -6 3 45 20 4 91 59 -42 27
-81 -29 4 -72 -64 24 -67 -7 69 -47 -51 -67 -38 29 50 -39 -23 -65 -87 -100 40 36 46 71 35 21 -9 -47 88 3 -70 81 -61 37 57 19 46 -56 44 -47 -66 -67 31 -33 -12 75 38 38 -93 53 -7 -83 57 -39 77 59 88 14 89 36 8
-3 25 -32 -62 -15 5 -9 56 26 92 -3 -93 23 -92 89 -29 28 83 11 91 27 6 74 50 -64 15 89 -4 95 56 95 68 -66 51 10 48 97 -95 -37 -15 97 -15 -86 97 7 76 -82 6 87 -84 70 -74 -97 -95 -89 64 -70 -95 44 -77
-1 86 70 -18 29 11 15 -13 35 -18 11 21 -70 -47 47 17 3 -91 28 31 -10 -12 43 -3 58 -99 -43 69 -12 84 27 92 46 -8 -46 18 60 46 29 -45 -36 -94 30 -75 -40 -36 -44 21 38 -25 -23 68 83 -65 28 97 28 10 -8
18 -1 73 87 27 -23 54 -67 87 18 -19 -13 -9 -93 -91 51 4 49 1 -6 -42 80 61 89 -61 63 -93 87 5 -31 81 -52 -87 -75 98 -44 -80 17 3 74 63 -27 41 -55 14 -48 -29 -87 -1 71 -60 -78 92 28 75 -72 12 -16
-13 -95 54 -55 93 96 -15 -53 -60 -46 -91 -98 -15 65 -18 -73 67 -84 40 -41 -91 -85 -62 34 -87 58 -62 82 86 54 -40 59 98 37 -39 -6 88 20 67 21 94 59 -40 -3 37 -73 -56 53 57 67 22 74 -37 -94 -24 37 96
45 2 -48 38 30 16 -12 92 -89 20 -32 -57 83 -8 25 21 0 -95 -39 57 -86 85 6 96 -33 -97 51 32 90 -26 -7 53 21 52 -34 -34 36 -83 52 -33 -93 -96 98 8 -73 72 49 -15 89 -79 13 -93 51 82 8 5
-32 89 63 1 -87 -73 36 -82 100 -56 2 -71 -22 88 46 40 -11 -25 11 -17 -25 -39 -62 25 40 -33 3 23 26 41 50 30 100 -20 44 34 -32 73 59 10 17 -77 93 -42 36 -61 -13 -79 42 -86 4 22 37 69 -74
-91 -97 30 -36 -48 83 -8 -47 -9 21 -68 48 -30 93 100 -5 -100 -31 -65 40 -51 46 91 -42 -22 94 55 -29 0 19 -1 85 -90 -91 -95 -24 54 54 50 -47 59 -37 -40 -97 97 60 38 34 -47 56 69 40 -15 77
-45 -93 -12 33 -12 -54 92 70 -1 32 77 0 -80 99 -14 -3 -33 61 11 25 -82 41 100 90 95 35 -28 -73 44 95 -9 -53 31 24 45 -52 84 100 35 55 -72 -95 14 -99 91 61 23 -32 51 -15 40 46 5
53 22 -61 -65 38 -9 -33 -56 70 0 29 -51 -9 -18 -11 -97 40 0 8 84 74 -90 -85 -80 -84 -50 -76 55 53 47 46 -83 -80 43 -18 23 26 -59 21 -2 -13 30 20 -18 48 -1 -60 31 60 -40 95 45
42 -71 44 19 65 -74 -47 -12 -95 74 19 60 -45 30 -75 31 48 38 -4 -13 -2 -36 -12 -57 -23 -39 78 -56 95 33 1 -71 -46 83 -35 1 -22 28 69 32 -67 -5 51 -32 70 93 -77 90 58 99 -66
11 -43 32 -75 -46 -10 99 17 59 -69 58 42 -56 59 -64 -12 40 -75 41 65 15 -61 -19 48 45 73 -44 -21 -47 -9 24 -56 -14 25 -31 78 65 20 -21 -96 69 -3 67 -87 31 53 0 -90 -22 30
43 64 31 51 37 -25 -27 67 88 46 -41 78 -80 58 49 92 1 -51 -31 -27 57 85 -12 51 -11 -27 -95 59 -13 93 -67 -28 -41 -20 33 8 -56 -36 -3 -60 -76 29 -10 -40 -97 86 -88 -15 81
67 63 -95 -94 48 -42 73 89 -98 -36 37 42 -68 89 -17 -73 -10 -78 -31 -84 -7 -61 35 -87 51 -95 -23 -34 -20 80 -19 36 94 88 -24 -86 25 -81 -23 95 -32 56 -91 51 -85 56 19 -98
42 65 -31 -13 -73 -2 -10 -96 30 62 -83 67 53 -1 -98 -25 96 97 10 64 71 -54 -87 -29 27 -36 -80 46 72 51 47 -34 31 10 -62 -72 20 8 -63 -45 38 -52 68 44 46 2 -74
62 52 61 49 60 84 -22 77 -6 -55 21 -22 92 -81 -71 -74 25 -40 10 66 44 -16 37 -79 75 -28 28 -76 7 -61 -52 98 61 4 47 -91 59 -72 -44 -99 -75 4 -60 -31 -20 -90
-90 -76 -44 59 56 -2 72 33 71 72 56 -97 9 70 -86 68 -54 32 -17 -41 -19 12 80 -3 -63 -15 75 99 10 11 -49 35 -14 -27 -83 11 -78 88 51 17 4 44 44 -33 66
60 -54 32 31 79 70 -24 -97 53 -57 63 54 -72 -41 -85 25 18 86 -61 38 -19 98 59 -12 -32 65 -1 -17 -64 -41 -43 -65 -57 24 -68 2 92 -54 -35 67 -96 53 7 79
-41 61 -57 52 -51 40 71 -82 78 45 21 98 30 -67 31 -61 -85 -17 -98 57 98 -52 2 -43 -80 33 -48 -94 -18 23 -93 -73 8 -71 43 1 32 -20 -60 93 31 -36 42
17 -44 -79 51 -11 -87 -65 10 -20 68 -51 -3 27 -61 -5 1 32 99 21 -45 -97 -3 21 -69 39 -85 -52 36 22 -45 38 -89 -6 61 -51 -71 -67 -70 1 15 33 61
-66 63 7 52 48 63 31 -71 44 35 39 -2 48 -3 -40 -79 36 90 33 95 7 5 43 -92 32 -73 43 100 -16 85 3 17 -73 -63 25 -84 61 -98 -55 -15 72
40 100 -71 73 -22 70 12 -25 86 5 -58 82 -37 -75 82 -81 -89 1 72 50 40 -88 -18 -25 53 -53 46 -45 78 59 79 39 62 2 61 19 26 96 -40 -89
27 52 -65 -74 74 -80 99 40 -7 -85 18 68 52 -35 -20 42 88 96 -36 -76 93 29 -26 -18 80 2 -96 24 -90 0 -67 -30 -15 18 -2 57 99 -72 54
79 -10 -57 14 -84 -12 63 5 -97 -45 59 44 -74 72 59 43 -100 77 -72 -78 -68 82 -60 89 -50 84 83 80 -53 21 65 32 -4 24 -28 -77 -4 26
-59 -28 20 -64 -47 97 87 9 84 35 -86 87 -10 47 29 8 -4 -90 55 93 36 17 54 -83 19 51 35 4 -82 8 18 89 -18 76 -70 40 -40
-48 -95 73 33 -7 -34 -26 -65 99 -50 61 -71 72 21 -13 -36 42 -70 -7 60 -3 69 -72 -10 19 -34 54 -73 -92 -73 -46 -12 -37 -50 36 74
-79 82 -28 -91 90 49 -57 -90 -81 9 -42 37 51 88 -84 80 78 -88 -33 98 79 -71 -14 -5 -97 88 -19 -98 6 -66 -49 75 23 -47 -85
15 21 -62 -22 28 12 -62 58 -58 75 76 86 2 4 38 78 51 -99 -65 56 99 -4 10 38 86 -86 -39 -26 -7 83 36 -99 76 -46
5 43 -43 -68 60 5 -80 22 13 61 -46 7 40 -59 32 -60 -48 0 41 80 95 -21 47 28 72 74 -62 38 -27 61 95 -37 84
-20 -17 -99 91 -69 28 -16 -85 61 69 71 -67 11 38 -22 -100 34 95 -60 -71 44 -98 71 57 -81 -39 -97 -51 -41 3 89 -94
84 -94 -21 -25 87 86 49 88 -35 72 -52 -14 77 -17 -76 75 23 58 57 91 100 -41 -17 69 73 -38 -40 25 22 86 16
-51 34 -4 74 -62 -80 -26 67 -3 72 -59 -73 17 59 8 -70 -84 -7 -73 45 -30 1 -93 34 -97 77 -69 42 -31 70
0 -12 33 -9 4 -81 57 -2 14 60 31 56 -81 40 -59 70 72 59 98 -70 80 -2 -95 39 90 -11 90 48 -95
-50 -7 20 -30 -29 46 8 -62 -17 -1 14 -58 -31 53 -92 -43 88 -42 -26 53 -23 26 -73 -11 -38 18 65 40
67 0 73 -12 -30 -46 -9 -14 -32 -100 67 67 37 -81 -41 97 -27 92 36 12 73 92 -2 -54 29 -83 99
-85 -38 97 90 82 21 73 -16 39 69 -80 85 2 -3 80 9 94 -90 -43 -5 -61 -96 18 -87 30 -15
-10 -48 -65 37 79 -86 -33 33 -23 -100 80 -19 -49 -49 -19 -1 73 -57 -12 16 95 55 -89 86 -3
30 86 -96 7 -63 79 -27 75 -36 -1 -67 99 42 24 54 87 -81 -28 -44 -95 -62 81 -7 75
-38 -48 -61 0 -77 7 45 -8 29 1 -24 75 -75 51 -57 -62 62 -1 -34 -75 -2 -34 -68
-66 46 -100 54 17 0 -8 -78 29 -29 80 43 39 71 16 -28 8 48 -92 -80 -13 -53
7 66 -41 -4 48 8 -15 87 -33 56 26 -61 78 -8 -50 92 -63 79 -95 77 14
16 75 19 -34 -90 93 -24 -81 -1 11 -19 -28 95 -96 -46 43 18 84 -27 84
-60 -80 -70 77 -64 -86 -41 -26 -12 -41 -36 -53 -14 -28 9 -90 6 40 40
-44 21 41 -1 -46 -16 -14 -10 -44 -48 32 30 -19 -63 -9 41 26 -64
-36 -7 -87 -62 29 -36 83 -52 -32 -54 -32 -24 -24 -80 -57 -71 -17
-4 -65 77 -65 -81 -18 -64 -49 -87 60 88 2 -25 83 -88 92
56 -87 54 35 87 2 -46 85 -39 77 100 -84 -26 -18 -13
-79 31 -72 61 28 -80 -29 43 40 -78 -12 62 83 -95
41 55 73 64 77 61 -26 -91 -84 -27 96 3 -14
29 17 -42 -97 27 -71 -16 -13 61 34 -60 98
91 71 -73 81 -49 63 -79 15 66 -71 -64
80 36 -94 -81 64 18 93 -25 -61 1
-69 59 38 -84 81 27 -85 71 -54
14 56 53 87 -40 -93 87 -41
-17 -35 -22 78 -74 81 -42
9 17 59 -94 -72 73
-96 -33 -28 23 -13
-55 -94 70 95
-65 -19 73
29 -52
-83
